-7.67
-1.68
0.30
0.94
6.34
1.48
7.20
8.72
9.20
14.78
9.22
11.28
5.94
0.06
3.10
-3.13
1.08
2.08
2.39
10.35
7.97
13.02
12.01
9.80
15.87
11.40
15.75
16.21
15.36
21.12
14.15
14.69
10.13
3.43
6.96
2.74
7.77
8.16
3.83
3.17
-9.07
-10.32
-13.68
-18.08
-12.29
-15.59
-10.90
-10.30
-12.15
-6.36
-10.97
-7.06
-6.61
-8.58
-1.69
-3.46
3.76
5.85
2.93
6.79
0.27
4.32
6.83
5.92
12.34
6.41
7.41
5.65
1.61
6.91
0.88
0.29
-5.67
-15.03
-14.96
-24.28
-23.00
-22.25
-23.76
-15.45
-18.77
-16.74
-17.75
-21.20
-13.39
-13.78
-6.06
-2.51
-5.76
-2.76
-10.14
-5.92
-1.42
-2.18
3.79
-2.52
-1.18
-1.80
-7.17
-2.66
-8.22
-6.36
-5.67
-8.87
-2.57
-8.28
-9.18
-12.46
-20.91
-19.35
-25.66
-23.77
-23.87
-28.15
-20.65
-23.05
-20.07
-18.54
-21.12
-13.18
-14.96
-9.67
-5.60
-8.59
-3.67
-7.46
-2.18
0.90
-4.23
-0.90
-8.87
-8.58
-4.38
-4.35
3.73
-0.68
-1.54
-4.22
-11.15
-6.37
-11.38
-10.69
-10.54
-15.41
-9.59
-14.44
-13.24
-10.61
-13.15
-5.59
-7.13
-2.52
0.67
-3.34
3.98
2.72
7.09
10.84
6.64
12.18
8.44
11.23
15.63
11.68
15.23
9.69
11.35
14.97
11.80
17.00
11.80
12.15
13.22
6.95
11.18
4.99
1.32
-1.49
-9.30
-4.09
-6.14
-3.30
0.46
-2.22
5.40
2.45
2.47
2.96
-3.57
1.24
-1.45
1.76
7.18
4.11
8.02
1.03
-0.73
-0.03
-6.59
-2.78
-8.49
-9.62
-7.29
-12.01
-7.51
-14.00
-17.00
-16.19
-22.12
-15.60
-14.62
-11.04
-8.31
-14.32
-8.49
-7.87
-2.31
3.52
-1.52
2.07
-3.54
-4.92
-1.34
-5.83
-2.84
-10.32
-13.78
-12.01
-17.43
-12.57
-16.45
-18.19
-15.97
-19.94
-12.74
-14.03
-13.25
-9.65
-13.67
-6.06
-6.96
-6.97
-4.06
-9.12
-2.81
-3.34
-1.01
5.15
1.33
5.61
1.58
-0.38
0.83
-7.71
-6.35
-10.13
-8.98
-4.02
-9.35
-3.68
-4.05
-2.75
2.87
-0.43
4.27
-1.55
-6.48
-4.86
-10.60
-5.04
-5.69
-4.96
-0.25
-5.16
1.14
0.70
-0.30
3.42
-1.63
1.74
-3.50
-7.23
-3.44
-8.10
-2.50
-1.28
0.73
5.30
-2.95
-3.47
-8.85
-12.07
-7.37
-9.79
-3.00
-3.57
-5.16
-0.12
-2.88
4.61
7.14
8.40
12.22
5.19
8.65
6.80
3.11
3.94
-4.86
-4.55
-9.12
-11.98
-6.35
-8.54
-2.02
-3.16
-7.55
-5.91
-12.61
-10.94
-13.97
-14.84
-6.55
-6.25
3.16
7.49
9.82
14.25
4.46
3.48
1.49
2.33
10.85
7.57
10.33
5.98
-0.70
0.74
-5.97
-2.72
-4.17
-10.21
-10.48
-18.69
-17.66
-19.55
-22.31
-17.86
-19.65
-12.21
-13.31
-19.09
-16.92
-22.97
-18.60
-14.21
-10.22
-0.41
-3.20
0.10
0.22
-1.59
5.06
1.50
2.19
-1.29
-4.16
1.34
-2.91
3.26
7.45
6.32
9.20
2.02
5.31
7.78
7.51
14.56
10.96
12.67
10.57
6.83
13.59
13.86
21.42
23.25
21.57
30.31
30.32
35.17
34.05
27.08
26.64
17.21
19.37
23.41
22.11
25.60
18.75
18.01
14.73
9.07
13.31
6.91
5.54
3.70
-0.81
2.52
-4.14
-4.14
-5.59
-10.62
-4.48
-6.42
-2.24
1.56
-0.78
1.60
-6.15
-5.99
-4.52
-6.18
0.84
-1.76
0.92
1.80
-1.24
7.89
10.57
19.38
24.82
20.32
22.12
15.86
16.38
17.57
16.66
26.23
24.93
27.35
27.46
19.69
19.78
10.80
8.64
10.40
9.10
15.68
11.36
11.38
10.91
3.08
5.69
3.06
5.38
4.07
-4.75
-2.85
-10.03
-11.13
-7.61
-8.49
-0.33
-1.69
0.44
4.08
1.29
3.94
-5.76
-10.55
-11.12
-15.82
-8.91
-9.39
-6.54
-5.14
-14.04
-12.09
-14.93
-13.24
-11.31
-17.82
-14.82
-18.73
-17.79
-15.35
-20.72
-17.42
-22.58
-22.82
-18.38
-17.88
-7.87
-10.01
-10.84
-7.34
-8.35
0.51
-0.09
1.22
2.29
-6.10
-4.81
-10.07
-9.45
-6.92
-15.54
-14.85
-20.17
-21.21
-17.94
-21.47
-16.92
-22.86
-26.75
-27.42
-34.61
-29.05
-28.25
-23.26
-16.69
-19.87
-12.56
-12.36
-10.51
-4.92
-6.60
0.54
-0.96
-0.98
2.93
-0.86
4.11
0.29
-1.79
0.34
-6.43
-3.46
-7.21
-8.19
-4.19
-8.84
-3.79
-7.55
-11.96
-12.41
-21.45
-18.64
-18.58
-14.38
-4.52
-4.49
2.05
-0.90
-3.53
-0.76
-5.82
0.76
2.56
4.41
7.91
-0.77
-0.65
-6.38
-9.04
-1.73
0.58
11.94
12.42
10.24
13.53
9.45
16.67
19.21
22.83
28.93
21.23
21.17
16.21
13.57
16.63
10.13
14.41
12.69
9.55
10.63
0.50
-0.45
-5.34
-8.25
-4.17
-9.56
-5.67
-7.96
-12.66
-11.36
-16.89
-11.86
-11.62
-10.85
-4.34
-7.85
-1.75
-1.94
-2.11
5.84
3.15
8.34
7.00
3.11
5.96
1.78
8.18
6.84
3.80
10.63
8.18
12.28
9.83
6.63
10.13
2.80
6.69
7.53
5.36
7.97
-2.21
-3.06
-4.11
-4.23
2.06
-1.50
5.78
9.00
10.43
18.49
13.06
14.17
10.52
4.73
6.99
0.50
4.18
2.90
-1.02
3.40
-3.41
-3.02
-7.01
-12.50
-8.28
-13.20
-9.67
-11.46
-18.97
-19.22
-27.31
-26.12
-28.57
-31.27
-23.60
-24.96
-15.96
-11.64
-12.52
-5.19
-8.75
-2.88
2.51
4.82
13.11
7.89
9.24
8.93
5.84
9.91
2.69
3.06
0.22
-6.14
-2.50
-7.83
-6.79
-10.80
-17.73
-13.72
-18.97
-14.87
-12.82
-15.77
-9.43
-13.26
-9.28
-6.41
-8.52
-4.56
-12.81
-12.56
-13.00
-17.33
-10.69
-12.88
-8.17
-5.93
-8.57
-2.57
-8.04
-6.27
-4.51
-7.50
-1.89
-4.99
-0.54
0.12
-4.50
1.82
-2.56
-1.14
-0.61
-5.08
0.42
-2.13
2.89
6.18
3.26
7.38
-1.10
-2.96
-4.77
-9.90
-2.87
-5.12
-1.11
1.67
-1.10
3.91
-3.63
-3.52
-2.48
-7.61
-3.46
-8.89
-7.47
-6.32
-10.10
-3.19
-6.39
-4.26
-3.66
-8.80
-2.75
-5.08
-0.13
2.75
-2.64
3.19
1.57
7.59
14.03
12.46
17.40
9.81
7.99
8.19
3.72
9.50
3.67
2.15
1.95
-2.63
5.10
3.58
5.42
5.49
-2.58
-0.68
-7.12
-6.75
-3.87
-6.94
-0.98
-5.89
-5.53
-3.63
-8.81
-3.18
-5.63
-2.80
0.65
-3.57
1.78
-1.34
3.71
12.06
10.94
18.35
16.83
17.86
19.10
15.87
25.10
24.60
27.53
31.25
26.70
32.26
28.85
30.34
34.04
29.43
34.87
30.85
29.86
31.30
26.63
32.52
27.92
26.36
28.54
24.84
31.66
29.19
29.65
30.39
20.26
20.32
15.84
18.72
24.85
21.06
24.13
16.35
13.05
15.15
10.62
17.10
15.21
14.78
15.91
10.12
16.09
14.29
14.99
17.00
9.88
12.49
5.91
1.88
0.98
-8.36
-6.10
-9.94
-10.04
-5.56
-9.41
-4.40
-6.98
-5.07
1.03
-1.79
5.64
3.77
1.88
3.61
-1.81
4.10
1.89
1.06
4.24
-1.83
1.92
-2.31
-5.82
-5.18
-13.37
-12.34
-17.96
-20.00
-16.81
-23.43
-20.47
-23.90
-25.09
-21.37
-27.19
-22.17
-21.66
-17.95
-7.72
-5.65
4.61
5.08
4.77
9.00
3.98
8.18
6.29
4.92
5.95
-3.86
-3.82
-10.70
-18.78
-21.69
-31.07
-28.12
-29.88
-30.75
-27.96
-37.03
-37.17
-41.00
-41.21
-32.96
-33.08
-27.25
-32.05
-37.36
-33.30
-34.65
-25.39
-22.00
-19.45
-14.36
-20.82
-14.77
-11.97
-11.30
-6.40
-12.31
-9.24
-10.62
-11.60
-5.08
-8.07
-3.48
-5.11
-7.47
-3.16
-8.82
-6.42
-9.99
-14.69
-12.01
-18.24
-14.40
-13.99
-14.67
-7.98
-9.90
-2.78
0.24
1.69
8.60
3.40
5.09
2.49
-1.23
3.48
0.32
5.98
7.46
7.28
14.22
10.74
14.27
13.05
9.34
13.20
8.37
12.52
12.05
6.96
8.40
2.12
6.28
8.16
8.09
13.55
5.94
4.99
2.96
0.60
5.81
0.70
3.94
4.63
-0.32
2.98
0.34
3.40
0.65
-4.41
0.96
-1.59
3.36
6.38
6.97
14.22
10.22
13.77
16.26
15.88
21.93
16.78
18.38
16.91
11.30
13.84
6.67
7.50
7.89
5.26
12.53
11.86
17.26
18.14
11.93
12.82
4.61
3.87
2.01
-2.72
3.22
-0.18
2.18
2.84
-2.78
-2.07
-10.19
-10.27
-10.02
-12.31
-5.48
-8.81
-5.28
-1.13
-0.45
9.82
9.04
11.36
11.11
3.27
2.72
-5.52
-5.57
-3.80
-5.45
1.73
-0.32
1.63
-0.18
-8.91
-8.98
-16.85
-17.83
-18.06
-22.93
-19.23
-23.79
-21.62
-20.79
-25.24
-17.62
-18.46
-13.30
-6.01
-3.40
7.27
4.81
4.34
2.82
-5.80
-4.67
-10.95
-9.54
-5.62
-10.00
-6.71
-12.30
-13.45
-12.26
-15.94
-9.39
-11.07
-9.76
-7.77
-10.22
-1.13
1.05
6.63
10.65
4.70
3.90
-5.61
-6.84
-4.53
-9.07
-3.63
-6.32
-6.00
-4.29
-7.69
-1.30
-6.46
-9.06
-7.35
-10.97
-5.62
-8.53
-6.89
-4.80
-11.23
-4.64
-2.37
3.17
8.84
4.59
7.79
1.87
-0.94
0.09
-5.22
-0.54
-4.23
-5.39
-2.95
-8.38
-4.33
-6.00
-3.77
0.56
-3.62
0.09
-6.27
-10.66
-10.37
-15.83
-10.23
-11.26
-9.34
-3.22
-4.14
4.01
3.34
4.00
7.08
0.51
2.96
-0.49
-0.36
2.25
-4.33
0.04
-2.12
-2.26
1.40
-5.00
-3.23
-9.41
-13.78
-10.31
-11.04
-1.47
-1.11
-1.80
-0.60
-9.03
-5.94
-7.19
-6.05
-1.60
-8.87
-11.02
-21.11
-25.27
-21.35
-25.72
-19.34
-18.03
-16.00
-13.14
-21.09
-16.86
-18.83
-22.08
-19.93
-23.31
-14.54
-13.58
-14.47
-10.89
-15.87
-11.19
-12.76
-12.74
-5.90
-7.73
-3.14
-8.93
-13.07
-8.56
-15.03
-12.67
-14.37
-15.30
-10.62
-16.52
-13.32
-14.24
-13.73
-7.15
-9.71
-1.65
1.25
2.25
5.90
-1.23
2.39
0.64
-2.36
0.76
-5.06
-1.27
-3.86
-7.00
-3.66
-11.47
-10.83
-14.28
-15.67
-8.19
-9.82
-3.96
-6.32
-11.76
-10.59
-17.02
-11.48
-10.61
-11.63
-6.13
-11.78
-8.09
-7.45
-7.47
-0.79
-4.25
1.79
2.43
0.01
4.14
-1.24
4.34
6.12
6.11
13.25
7.07
5.66
-1.21
-7.44
-3.26
-8.77
-6.10
-7.85
-11.53
-6.54
-8.57
1.56
7.95
9.66
16.04
9.71
11.01
8.41
4.48
10.31
6.87
12.98
15.95
15.20
19.86
11.20
10.20
7.03
3.27
10.01
8.75
17.49
20.97
18.19
22.52
15.54
15.61
11.61
3.62
3.74
-5.84
-6.03
-8.45
-12.54
-6.21
-11.00
-9.61
-11.85
-16.35
-10.26
-14.30
-10.42
-9.51
-13.71
-10.13
-16.17
-12.15
-9.72
-12.50
-7.70
-13.41
-10.87
-9.09
-9.87
-2.55
-7.76
-5.68
-4.58
-7.68
-1.94
-4.86
0.91
3.19
0.35
8.15
5.25
7.37
6.28
0.63
5.81
1.69
5.85
9.12
5.31
8.08
-2.03
-5.34
-6.83
-11.09
-5.27
-8.60
-4.77
-3.72
-9.05
-4.01
-7.56
-4.18
-2.95
-5.69
4.27
4.43
10.18
14.47
12.04
17.77
13.23
16.97
21.32
19.65
26.43
20.70
19.78
18.98
12.96
17.60
14.02
17.79
19.85
12.79
12.59
1.45
-1.71
-2.43
-5.83
3.53
1.77
3.77
5.33
0.10
3.86
-1.95
-0.18
2.35
-1.92
4.68
2.86
7.70
12.62
10.37
18.17
15.00
14.83
13.70
7.81
14.23
10.05
10.71
12.15
5.31
8.28
4.79
9.98
17.08
16.43
24.53
21.76
21.51
20.42
11.84
13.52
6.54
6.11
9.28
6.52
12.77
6.15
2.02
0.31
-7.98
-6.00
-11.33
-9.98
-8.38
-17.78
-17.08
-23.20
-24.46
-23.01
-26.51
-19.51
-24.51
-26.59
-24.91
-29.74
-23.26
-24.40
-21.76
-17.64
-21.93
-16.05
-19.96
-21.54
-21.04
-28.15
-22.42
-21.66
-16.05
-9.00
-12.80
-8.49
-12.82
-12.97
-8.64
-11.71
-6.08
-9.79
-10.12
-8.30
-15.72
-14.30
-21.58
-22.81
-17.19
-16.57
-2.75
1.36
2.14
2.59
-4.65
-0.03
-2.67
-2.29
2.92
0.02
6.52
5.96
9.63
16.38
10.67
12.16
5.96
3.56
7.01
2.39
7.72
5.90
6.43
10.46
3.96
5.48
-1.16
-6.17
-6.71
-14.22
-9.41
-10.97
-11.73
-9.42
-16.63
-12.80
-14.98
-16.93
-14.80
-19.44
-11.62
-10.75
-10.83
-5.80
-9.16
-5.23
-8.86
-9.26
-3.24
-6.41
0.39
1.18
3.28
10.98
7.86
11.72
8.46
7.11
13.34
11.82
19.84
21.49
22.36
25.98
18.27
19.08
13.33
7.58
7.64
0.01
4.60
5.12
5.49
10.43
5.08
10.69
12.73
14.12
21.27
18.31
21.33
18.38
18.25
26.46
25.80
34.13
35.58
33.00
33.04
22.20
21.83
17.70
13.59
18.54
15.29
18.80
15.94
12.20
15.27
9.97
14.29
11.56
4.51
4.63
-1.90
2.17
1.71
-0.31
5.15
-0.48
0.44
-1.04
-1.53
4.48
-1.46
0.04
-2.67
-7.18
-4.24
-11.20
-8.02
-4.65
-2.00
5.69
2.67
8.67
11.34
10.77
16.53
12.20
15.40
14.13
9.87
14.09
8.95
9.98
5.35
-2.65
-2.07
-8.92
-5.47
-4.48
-6.76
-0.38
-2.64
1.38
-0.10
-5.91
-2.68
-7.66
-4.67
-3.12
-3.52
3.49
-0.90
0.67
-0.81
-6.54
-4.65
-11.73
-10.70
-9.96
-12.24
-8.58
-15.10
-13.50
-13.16
-14.62
-6.96
-10.73
-8.66
-8.46
-13.01
-8.76
-13.20
-11.49
-12.26
-17.38
-13.73
-19.94
-19.30
-18.60
-22.63
-19.28
-24.21
-19.48
-14.77
-16.08
-8.33
-9.43
-6.38
-7.10
-13.42
-8.79
-11.86
-9.72
-8.62
-11.33
-4.14
-6.56
-3.85
-1.73
-6.31
-4.13
-10.92
-8.96
-4.03
-4.34
2.40
-1.11
-0.37
-1.29
-8.41
-5.92
-11.07
-9.62
-6.03
-5.82
2.73
-1.66
-4.52
-7.34
-13.06
-6.01
-6.26
-1.54
1.48
-5.94
-5.33
-10.91
-9.85
-8.48
-14.41
-11.45
-18.14
-20.47
-19.98
-24.74
-20.01
-23.75
-22.47
-19.17
-22.70
-16.83
-18.94
-16.02
-11.35
-13.70
-5.68
-5.85
-2.80
1.70
-1.54
3.51
-0.57
-0.74
2.17
-1.69
3.72
0.76
1.09
4.12
-0.68
2.62
-2.15
-2.96
-1.27
-5.92
1.38
0.38
0.94
3.41
-2.86
0.32
-3.76
-4.25
-1.28
-5.27
1.30
0.27
2.02
6.39
1.66
6.06
3.92
6.13
11.78
8.83
15.51
12.80
10.26
10.51
2.87
5.85
1.74
0.93
4.75
-0.15
4.74
2.16
1.44
4.99
0.07
4.26
0.61
-1.18
0.67
-7.27
-6.09
-13.23
-19.52
-19.51
-24.86
-17.94
-15.90
-9.72
0.94
-0.51
6.66
7.53
9.27
16.55
15.95
24.65
25.42
26.05
31.11
25.98
28.85
24.46
20.50
21.02
13.62
18.60
18.95
20.34
25.33
19.06
21.96
18.42
15.55
18.19
12.50
17.84
14.46
8.54
9.48
1.60
1.93
-2.45
-2.54
4.98
2.80
11.12
13.57
14.42
19.82
14.74
19.09
19.12
19.94
26.07
22.12
26.98
24.97
23.62
30.02
25.41
28.10
23.41
15.72
13.46
3.78
6.97
6.19
5.68
12.60
7.19
8.48
3.47
-2.67
0.96
-2.36
3.45
2.45
-2.36
-1.79
-10.04
-6.35
-5.52
-6.52
-3.65
-14.32
-15.11
-16.78
-17.95
-12.77
-19.36
-15.47
-14.54
-17.05
-13.35
-22.02
-24.88
-31.57
-36.87
-29.35
-28.45
-21.05
-22.98
-27.61
-19.08
-17.17
-6.45
-1.80
-4.89
-4.99
-16.21
-16.30
-16.29
-14.71
-5.30
-9.92
-7.26
-9.64
-16.43
-13.59
-18.80
-14.11
-13.29
-17.61
-14.75
-21.17
-17.13
-13.70
-11.60
-2.50
-6.67
-3.04
-0.80
-0.04
9.53
6.40
10.45
12.83
11.33
17.83
13.67
15.68
10.83
0.47
3.17
-1.97
-0.30
-1.66
-7.99
-5.94
-12.62
-8.93
-6.16
-7.80
-2.02
-8.30
-5.41
-1.98
-2.61
6.52
7.66
16.77
20.94
16.76
19.89
12.16
11.70
10.80
8.28
17.07
13.50
14.52
14.52
11.52
18.93
16.43
20.65
23.30
21.75
29.50
25.76
27.52
27.94
24.48
29.93
23.78
26.45
29.05
23.58
27.51
23.26
25.72
26.03
19.64
22.90
18.50
23.12
26.79
22.71
26.65
20.20
20.85
23.11
22.44
32.25
30.33
33.78
36.53
31.94
36.97
33.32
35.37
34.67
26.39
29.57
24.38
24.04
22.62
15.16
17.61
7.96
4.05
6.61
7.02
15.12
10.11
9.75
9.70
4.23
11.58
10.58
14.09
15.67
8.45
12.16
7.66
8.59
10.70
5.33
9.62
7.13
11.85
15.91
9.96
12.64
5.84
5.55
10.99
11.70
20.93
19.99
22.29
21.97
11.34
10.36
0.90
-2.09
-0.99
-5.46
1.97
0.34
1.95
6.01
2.92
9.52
5.93
4.48
4.51
-1.58
4.30
1.27
2.52
8.35
6.95
13.61
9.25
6.61
4.79
-4.18
0.43
-1.29
-0.85
0.02
-8.11
-5.43
-8.06
-3.36
5.41
2.91
5.93
-1.60
-4.74
-2.84
-8.11
-1.03
-0.70
1.42
5.28
1.36
9.57
9.61
11.04
14.89
7.40
6.14
-3.48
-6.62
-1.87
-4.76
0.05
-5.67
-9.31
-7.15
-11.12
-3.00
-3.04
-4.66
-5.87
-15.72
-12.65
-15.37
-16.32
-13.89
-20.92
-17.33
-20.68
-23.35
-22.91
-31.68
-27.95
-28.20
-26.28
-19.73
-21.91
-14.44
-13.88
-11.04
-2.58
-3.90
1.33
-2.83
-3.99
2.34
-1.57
1.45
-2.82
-5.14
-0.57
-3.72
1.35
-3.02
-8.83
-10.19
-20.35
-17.48
-17.07
-17.60
-15.72
-22.31
-16.53
-15.06
-13.30
-7.70
-14.54
-14.64
-19.95
-20.69
-11.30
-9.34
2.82
7.70
8.40
12.73
8.29
14.70
15.78
16.21
23.03
18.59
19.79
13.25
6.57
8.37
1.67
4.15
1.18
-4.08
-4.93
-16.82
-18.99
-22.61
-24.87
-19.81
-22.68
-16.70
-18.31
-22.92
-19.35
-22.73
-16.32
-14.89
-16.92
-14.91
-24.14
-23.97
-23.06
-18.59
-7.26
-10.02
-7.48
-8.93
-11.78
-5.88
-7.72
-1.38
-0.53
-5.04
-3.42
-8.70
-3.40
-1.97
-4.14
0.86
-5.17
-6.32
-11.93
-18.52
-15.47
-19.97
-14.69
-11.88
-12.45
-6.16
-10.46
-8.25
-10.41
-16.25
-12.38
-15.98
-10.63
-5.84
-4.77
2.45
-0.20
3.26
2.97
-0.92
2.76
-3.76
-2.01
0.00
-0.74
5.51
0.90
4.45
8.05
6.84
12.89
9.09
10.22
9.25
6.17
12.93
9.74
10.96
8.52
2.42
7.69
5.04
8.28
8.19
0.80
1.40
-4.71
-0.50
5.72
7.02
14.08
9.74
11.96
13.87
10.40
17.07
14.96
16.59
17.09
13.76
21.04
19.08
20.54
20.57
14.44
16.25
11.44
15.81
20.64
18.17
23.17
17.06
13.88
11.51
6.09
10.70
5.14
4.84
6.95
3.60
9.27
6.56
8.87
10.76
3.37
3.12
-3.91
-3.62
-2.28
-6.89
-0.41
-2.64
-2.40
-1.30
-3.95
5.99
8.63
15.71
24.06
22.86
26.45
20.11
19.27
20.93
16.58
22.67
19.91
20.05
22.39
19.54
27.49
26.77
28.63
31.32
24.92
26.40
19.60
17.25
17.63
10.46
13.93
11.08
11.98
14.79
9.26
12.74
7.87
7.25
11.84
9.27
15.81
13.16
10.13
8.06
-0.04
5.03
3.91
4.16
5.34
-2.97
-1.02
-4.63
-2.39
6.56
4.87
7.20
-0.24
-4.04
-1.62
-6.31
-0.92
-2.99
-3.50
1.03
-1.12
6.74
6.22
5.52
6.79
-0.99
2.83
0.96
-0.01
2.40
-4.55
-1.83
-5.02
-6.81
-5.71
-14.95
-14.60
-20.26
-23.50
-19.45
-21.52
-12.91
-12.51
-11.63
-5.05
-7.43
2.10
6.04
7.62
11.10
3.04
3.98
0.67
1.30
9.14
5.58
8.03
3.83
1.76
6.98
3.75
8.61
4.75
0.65
4.36
-0.23
3.57
-0.52
-5.55
-4.75
-12.60
-8.58
-9.60
-12.55
-11.25
-18.87
-13.63
-12.35
-13.04
-8.96
-14.19
-8.65
-7.59
-5.77
2.62
-0.70
5.13
6.29
7.85
17.29
15.35
20.53
20.04
19.00
24.34
18.68
21.63
18.24
12.54
14.84
8.16
10.81
9.39
7.37
11.42
4.00
6.69
5.72
2.46
7.63
4.19
8.19
5.61
1.05
4.82
-1.16
2.17
1.16
-2.44
2.26
-2.66
1.90
2.70
-0.03
5.14
0.59
3.96
2.98
-0.66
2.25
-6.44
-5.59
-6.94
-10.38
-6.38
-13.92
-12.31
-12.42
-14.43
-8.38
-12.87
-8.85
-8.55
-12.54
-9.22
-15.30
-12.22
-12.76
-15.58
-7.34
-8.37
-2.43
-1.03
-3.92
1.28
-4.58
-3.37
-6.16
-13.30
-12.44
-22.78
-24.50
-26.27
-28.39
-18.91
-17.62
-7.04
0.06
0.52
6.57
0.04
1.60
2.21
0.08
7.49
3.19
4.55
1.75
-5.78
-1.84
-7.22
-4.93
-4.41
-10.09
-6.84
-11.20
-5.82
-1.80
-2.56
4.29
-3.10
-5.17
-7.36
-12.07
-6.17
-9.81
-4.52
0.09
-3.09
1.27
-1.98
3.68
5.21
-1.89
0.93
-6.72
-9.08
-10.34
-12.26
-2.66
-5.88
-4.41
-3.95
-9.40
-5.76
-14.40
-17.68
-18.71
-21.97
-12.28
-9.04
0.03
3.15
-4.65
-4.74
-13.53
-11.20
-4.81
-3.75
5.03
0.93
0.38
-2.05
-10.65
-7.42
-12.10
-9.64
-6.14
-10.49
-7.26
-13.46
-12.70
-10.43
-12.81
-5.15
-9.50
-10.12
-10.03
-14.50
-6.93
-8.85
-6.48
-4.30
-8.07
0.52
0.47
4.74
7.87
0.44
1.38
-5.40
-4.29
0.12
-3.23
3.34
2.81
7.79
13.70
12.53
19.19
13.26
11.20
10.53
2.39
6.05
1.67
1.31
4.69
3.02
10.03
4.64
2.28
2.60
-3.19
3.37
0.76
1.48
4.17
-2.53
2.29
1.75
5.58
11.07
8.19
14.90
12.73
14.90
19.32
13.09
15.67
10.10
8.31
10.06
5.31
13.08
14.37
19.56
26.75
23.35
27.97
24.39
25.72
31.48
27.30
29.65
19.83
9.92
5.94
0.79
10.23
10.82
10.47
10.12
0.32
2.64
-1.21
-1.70
2.30
-3.66
-0.04
-2.34
0.14
9.30
7.90
11.86
7.83
6.49
8.77
5.24
16.19
21.30
26.74
31.69
21.98
20.44
13.07
10.18
16.09
14.14
18.86
12.90
7.08
7.32
0.59
6.07
4.96
1.72
1.75
-5.62
-1.37
-3.37
-4.55
-0.35
-5.62
-1.39
-1.73
1.76
11.76
11.14
18.94
20.01
20.04
23.74
17.47
21.03
19.37
18.35
23.56
19.65
23.08
17.45
9.24
7.56
-0.79
1.24
-1.88
-4.51
-1.69
-10.64
-11.06
-14.33
-16.61
-14.09
-21.29
-17.84
-18.65
-21.12
-18.56
-23.93
-18.46
-16.13
-11.96
-1.49
-3.74
-0.52
-4.28
-7.82
0.33
1.63
10.16
10.49
5.00
3.97
-5.33
-3.47
-4.79
-6.91
-1.88
-7.90
-7.43
-11.55
-16.65
-13.73
-19.15
-16.22
-17.70
-22.10
-19.89
-24.83
-17.63
-11.68
-9.39
-3.84
-11.11
-10.29
-9.60
-7.97
2.50
2.98
8.24
6.30
0.94
4.26
-1.99
-0.52
-2.13
-7.22
-4.53
-11.41
-11.08
-13.43
-19.19
-17.13
-23.64
-21.57
-21.18
-24.30
-19.98
-25.40
-23.44
-22.13
-22.78
-14.96
-16.40
-11.56
-9.91
-12.21
-5.62
-6.61
0.32
4.02
2.02
7.68
3.68
5.67
5.98
4.01
11.57
8.98
12.20
13.40
8.15
9.88
3.22
5.15
8.76
9.33
18.35
15.82
16.72
15.93
10.76
16.45
15.37
21.15
25.46
22.50
24.83
16.55
16.25
16.47
10.49
13.48
7.48
6.13
4.27
-0.91
5.51
4.24
9.27
13.11
9.52
14.73
9.97
10.65
13.47
11.41
19.43
18.57
20.42
20.95
15.81
19.16
11.72
8.97
7.82
1.05
4.10
-0.59
1.79
6.37
2.08
5.35
1.40
3.62
8.23
6.61
13.09
7.91
3.84
1.41
-5.09
-0.02
-1.58
1.82
5.56
0.96
5.28
0.58
-1.21
-2.96
-12.98
-11.46
-15.47
-15.34
-14.87
-23.25
-20.79
-25.16
-25.29
-20.03
-20.42
-13.88
-17.99
-18.06
-13.38
-15.86
-10.12
-13.20
-13.47
-12.67
-19.98
-15.86
-19.83
-20.80
-18.13
-24.03
-19.53
-21.95
-22.86
-22.37
-29.33
-24.58
-27.37
-24.84
-13.91
-12.18
-5.14
-8.57
-11.75
-12.04
-19.53
-15.40
-18.15
-19.16
-16.42
-22.59
-18.33
-19.82
-20.54
-20.19
-29.65
-27.36
-28.48
-25.92
-20.27
-26.81
-25.91
-31.72
-34.67
-30.01
-30.82
-21.71
-23.00
-25.74
-22.69
-27.07
-21.73
-24.82
-27.78
-24.97
-30.36
-23.73
-21.54
-18.57
-12.24
-18.79
-19.18
-25.90
-29.92
-28.17
-35.74
-32.97
-35.76
-36.55
-29.79
-30.06
-18.91
-15.68
-15.46
-10.34
-14.22
-7.41
-4.73
-1.85
5.30
1.23
6.55
7.11
8.27
15.53
12.15
16.89
14.56
11.44
14.98
7.75
8.35
4.00
0.89
4.98
-1.01
1.26
-4.58
-12.83
-12.50
-20.36
-18.55
-21.68
-25.53
-21.99
-26.75
-19.21
-15.64
-14.31
-6.81
-9.91
-2.39
2.10
3.87
9.11
1.93
5.32
4.62
1.72
8.69
5.32
7.32
3.98
-0.14
3.07
-5.32
-4.50
-6.87
-10.29
-3.41
-5.58
0.26
1.51
-1.43
-0.19
-11.30
-12.90
-17.79
-23.30
-16.23
-16.98
-10.20
-9.15
-12.93
-8.48
-11.14
-3.08
1.40
2.02
9.28
4.54
7.46
7.75
6.83
13.52
6.68
7.87
7.57
3.81
7.33
1.32
5.50
6.49
2.98
9.75
6.71
8.19
3.53
-5.10
-3.80
-11.29
-8.17
-5.41
-5.95
2.31
-0.84
3.51
7.34
7.81
14.56
9.06
11.88
12.67
8.84
14.20
9.64
12.90
14.61
11.32
15.10
7.14
6.50
4.42
-0.24
8.04
6.61
8.33
4.09
-5.36
-2.12
-5.70
0.42
5.17
2.55
9.64
7.61
13.56
19.33
17.94
22.79
15.35
17.42
24.76
29.25
41.89
41.35
44.45
44.16
36.47
39.41
34.43
36.33
34.94
26.64
30.33
24.06
23.27
24.16
21.01
27.28
22.59
22.84
22.11
16.60
22.26
18.64
23.59
30.60
30.04
36.67
31.86
32.42
31.69
22.26
21.52
11.87
9.70
8.71
3.77
11.78
10.16
13.36
14.90
7.38
9.51
0.73
-2.76
-3.36
-9.46
-4.39
-9.61
-12.45
-15.02
-22.18
-16.31
-18.11
-13.55
-7.36
-10.47
-6.53
-12.15
-10.78
-7.19
-11.11
-4.61
-6.79
-3.55
1.42
-2.30
2.73
-2.55
-4.48
-4.74
-10.34
-2.74
-3.88
-1.52
2.18
-3.42
0.11
-4.89
-4.54
-1.18
-6.86
-4.76
-12.51
-15.59
-14.81
-19.31
-10.71
-11.18
-10.81
-9.19
-15.37
-10.90
-13.76
-12.47
-10.26
-18.89
-16.68
-19.65
-18.74
-15.08
-18.16
-12.47
-18.65
-19.94
-12.80
-11.14
2.15
5.73
6.59
6.36
-3.79
-2.40
-5.42
-3.23
4.46
2.61
6.26
0.74
1.01
6.17
-0.28
1.97
-2.80
-5.09
-2.03
-5.65
1.30
-0.71
-2.21
0.84
-3.20
5.26
7.89
11.68
16.90
10.10
14.21
14.74
18.05
25.57
24.23
31.12
25.99
16.95
13.76
7.99
15.98
16.45
15.18
16.16
5.82
4.95
0.25
-0.41
5.61
-0.13
-0.36
-6.14
-6.70
1.13
-0.72
5.72
5.84
5.47
9.20
3.32
8.08
7.76
6.88
11.70
6.76
9.81
7.43
5.54
10.08
5.91
10.69
8.97
5.91
9.97
5.36
9.33
7.63
4.11
6.17
0.63
6.21
6.06
2.80
4.63
-2.27
1.18
0.84
0.77
7.71
2.89
4.99
4.52
4.26
9.19
3.65
7.03
4.68
-2.53
-3.52
-12.01
-11.06
-12.61
-12.21
-2.99
-4.30
1.84
2.51
-1.06
2.26
-3.59
-2.76
-6.95
-11.77
-5.31
-6.52
-1.64
-1.80
-5.35
-4.04
-13.91
-13.44
-11.67
-11.21
-5.29
-11.10
-10.52
-13.95
-20.57
-17.99
-23.31
-19.99
-17.45
-17.83
-12.08
-15.86
-11.43
-11.43
-18.35
-17.20
-22.70
-19.74
-18.88
-19.52
-9.80
-11.00
-7.94
-8.17
-12.38
-7.99
-12.59
-9.99
-8.78
-11.34
-5.92
-11.30
-10.05
-9.34
-13.60
-9.50
-13.40
-9.24
-6.21
-9.86
-7.44
-15.33
-15.70
-14.73
-17.04
-9.59
-11.17
-8.88
-8.74
-12.72
-7.44
-11.65
-10.82
-10.69
-13.69
-5.09
-4.87
-0.61
1.46
-2.89
2.62
1.39
6.70
13.14
13.65
18.83
12.23
12.14
13.64
9.68
15.14
12.75
16.19
18.35
11.01
9.53
-1.24
-3.34
-0.48
-1.52
8.55
10.01
12.58
12.46
5.38
9.42
6.63
7.68
8.54
3.20
9.19
7.70
9.58
12.94
9.67
13.42
6.36
4.20
5.70
1.29
7.39
4.69
4.12
5.06
-0.75
2.34
-3.55
-5.39
-3.68
-8.43
-4.59
-8.26
-6.00
-2.68
-9.49
-5.38
-6.65
-3.29
4.36
5.44
13.75
11.53
12.14
15.83
12.20
18.95
18.69
20.35
22.89
16.04
17.45
11.61
8.80
9.08
3.26
8.24
4.98
2.08
0.86
-7.94
-6.66
-11.66
-13.11
-13.07
-20.98
-16.14
-17.48
-14.77
-6.27
-7.24
-2.95
-8.58
-9.38
-2.43
-1.32
11.33
14.81
15.72
17.35
8.49
10.87
9.33
10.08
14.90
9.29
9.86
2.09
-2.71
-0.28
-4.45
2.06
0.53
-3.25
-5.72
-18.91
-21.99
-29.05
-30.68
-23.44
-23.43
-13.79
-12.14
-11.11
-6.20
-10.54
-3.90
-2.80
-0.73
6.41
3.78
10.11
8.82
7.03
9.72
1.52
2.35
-2.67
-6.59
-4.27
-10.81
-5.97
-6.28
-7.23
-3.41
-10.59
-9.26
-14.13
-18.73
-16.40
-22.80
-18.65
-20.09
-20.77
-12.39
-13.44
-6.40
-6.74
-10.76
-8.54
-13.77
-7.43
-5.43
-4.42
1.93
-4.56
-2.88
-4.16
-4.51
1.02
-5.78
-3.83
-5.38
-7.02
-1.35
-5.38
-1.18
-5.27
-13.62
-13.26
-19.65
-16.07
-17.09
-17.93
-10.73
-15.17
-12.69
-17.11
-24.28
-22.78
-28.89
-22.54
-18.28
-17.85
-13.62
-20.95
-17.33
-15.58
-15.79
-8.58
-13.10
-9.83
-9.56
-9.70
-0.61
-3.02
1.31
-0.18
-5.07
-1.09
-7.15
-4.72
-4.79
-6.63
-1.04
-6.48
-3.28
-3.49
-6.79
-0.73
-3.81
0.43
-1.62
-8.73
-5.38
-9.10
-3.82
-1.26
-0.54
8.12
4.30
8.34
9.18
5.45
10.00
3.94
8.09
12.32
12.02
17.94
11.25
11.75
9.83
3.81
6.71
-0.95
-0.42
-1.19
-6.86
-4.11
-9.82
-6.21
-4.04
-4.37
5.75
3.00
3.49
-0.58
-8.07
-3.03
-6.49
-1.97
0.25
-3.93
0.79
-3.05
3.47
10.36
10.78
19.15
16.69
19.43
19.02
12.80
15.69
8.09
9.09
11.22
9.00
17.65
15.28
16.53
15.33
7.56
8.95
0.13
-2.53
-4.74
-10.12
-4.14
-7.56
-2.14
5.33
5.08
10.03
3.63
5.80
8.99
5.61
13.38
11.57
12.13
10.01
3.27
9.18
5.89
8.73
11.25
5.78
9.77
3.48
2.03
1.55
-4.12
-0.08
-7.46
-9.91
-10.90
-18.25
-14.07
-17.74
-15.61
-11.34
-14.31
-7.46
-7.39
-0.29
7.71
6.26
13.49
12.72
16.81
19.39
12.21
15.90
11.38
11.01
13.23
10.42
17.49
11.36
7.28
6.34
-1.92
-0.90
-8.90
-11.41
-8.15
-9.66
-1.32
-3.52
-3.87
-3.04
-9.74
-5.24
-7.11
-4.16
0.41
-4.12
0.86
-1.82
0.43
6.81
5.65
12.91
10.60
11.12
12.54
4.91
8.76
5.27
4.34
5.87
0.01
6.47
6.30
8.51
12.34
5.66
7.49
1.40
-1.24
1.15
-3.75
1.39
-0.43
0.66
4.22
-1.44
3.70
1.32
1.09
6.17
2.29
5.66
-0.37
-4.37
-0.94
-2.39
6.87
8.10
9.93
14.42
8.07
11.28
9.36
9.99
15.02
11.71
18.28
16.77
15.51
18.28
11.35
13.14
8.33
5.95
8.61
2.40
7.60
7.24
7.09
12.69
10.08
16.51
16.79
17.57
23.32
20.10
25.03
22.53
20.25
21.54
12.90
16.34
15.21
13.25
15.39
8.29
12.38
11.63
10.94
16.20
10.46
10.09
2.45
-2.86
1.13
-3.51
-0.82
-4.10
-6.79
-2.58
-5.99
0.73
1.03
-1.21
2.32
-2.40
3.75
7.86
12.57
22.34
19.45
22.60
20.43
16.54
18.53
11.65
15.36
15.29
12.68
16.99
12.87
16.23
13.17
7.86
10.71
7.53
15.82
19.07
17.40
20.06
10.63
8.72
5.60
3.48
9.59
5.16
7.90
8.82
9.95
18.24
15.17
18.71
17.50
12.70
15.09
9.05
11.40
9.85
7.29
14.61
12.04
15.27
13.42
8.00
11.50
6.83
10.70
11.02
4.54
3.49
-5.33
-3.29
-1.68
-2.64
3.97
-0.26
2.77
4.14
1.57
6.42
0.66
0.33
-1.08
-3.36
3.87
2.71
8.44
10.71
7.15
9.90
1.87
0.55
-1.48
-7.49
-4.86
-10.60
-10.11
-12.27
-18.66
-14.60
-18.58
-16.18
-13.91
-15.47
-9.08
-12.05
-8.89
-7.53
-10.73
-3.21
-3.70
1.92
7.46
7.69
14.85
9.97
8.32
5.58
-2.67
-1.32
-6.57
-2.62
5.24
7.75
14.82
9.61
8.93
5.87
-5.44
-6.18
-12.44
-10.98
-8.11
-11.17
-4.17
-6.14
-6.62
-8.33
-13.38
-5.66
-5.11
0.02
4.71
0.92
3.45
-4.23
-6.61
-5.60
-8.94
-3.83
-8.50
-8.77
-7.54
-12.65
-9.15
-14.22
-14.06
-13.21
-20.33
-15.96
-17.91
-17.03
-15.42
-20.63
-17.32
-22.94
-23.08
-19.42
-22.35
-15.44
-16.67
-14.79
-9.60
-9.89
-1.16
-1.08
2.33
5.44
-2.02
-1.55
-9.34
-11.18
-6.68
-7.37
3.18
6.01
8.27
8.83
0.54
2.38
-2.95
-4.23
-1.92
-7.18
-1.34
-2.75
-2.16
3.55
2.62
9.90
9.09
10.36
12.74
4.16
4.71
-0.07
1.31
10.37
11.50
19.80
18.81
17.43
17.94
12.16
18.48
17.32
18.19
23.82
20.16
24.68
21.16
18.42
19.46
11.70
14.26
10.40
7.79
9.05
1.19
5.64
6.20
7.97
13.01
8.31
13.38
10.85
9.76
15.76
12.61
16.93
13.82
13.17
20.13
18.26
26.01
28.82
30.70
35.06
29.55
32.18
25.85
19.62
21.14
16.11
23.01
23.78
23.05
26.58
17.58
16.82
12.32
8.93
12.54
7.30
11.06
8.33
4.57
7.42
2.60
8.91
9.92
9.73
13.62
4.96
5.80
4.73
5.42
12.61
9.95
15.51
14.08
12.21
18.70
16.03
20.82
18.61
15.35
19.45
14.15
17.65
15.60
11.47
12.61
3.60
5.30
3.46
0.78
6.27
2.47
7.83
7.72
3.98
6.32
-0.35
4.87
7.24
6.66
13.14
10.41
15.90
16.86
16.79
24.10
19.24
21.47
19.92
17.51
22.97
16.55
18.30
17.69
16.19
23.57
20.93
25.46
24.05
19.20
22.63
15.89
18.27
16.24
9.76
12.61
7.82
12.36
12.59
9.98
14.37
5.53
4.89
0.89
-7.55
-8.10
-18.26
-17.19
-16.80
-19.80
-14.39
-19.47
-15.61
-13.55
-15.06
-6.51
-9.57
-8.95
-11.76
-16.38
-11.24
-16.20
-12.00
-10.05
-14.24
-10.39
-16.98
-16.36
-17.57
-22.04
-15.76
-18.69
-14.33
-13.00
-17.75
-15.30
-23.35
-22.52
-23.50
-28.24
-22.29
-26.50
-23.55
-23.01
-27.92
-24.00
-30.29
-27.01
-21.89
-20.97
-13.78
-20.15
-20.14
-21.74
-28.38
-23.58
-27.48
-24.18
-20.81
-20.59
-7.30
-2.17
6.66
7.63
-2.72
-3.85
-14.31
-16.02
-13.61
-14.13
-5.54
-9.57
-10.15
-13.22
-22.09
-20.91
-28.33
-25.87
-22.31
-26.25
-22.56
-30.42
-30.77
-26.38
-23.71
-10.93
-11.42
-9.85
-10.40
-17.28
-11.78
-12.49
-5.23
0.57
-4.79
-2.20
-7.18
-4.82
-1.75
-4.48
3.81
1.46
1.01
-1.27
-10.78
-10.82
-21.06
-24.44
-23.01
-25.10
-15.69
-15.41
-10.19
-6.18
-11.85
-6.73
-10.04
-9.81
-7.98
-11.02
-3.94
-7.77
-5.88
0.02
-2.57
1.93
-3.64
-4.26
-2.77
-9.61
-6.88
-12.36
-12.58
-10.67
-17.22
-14.11
-19.13
-19.44
-18.64
-24.52
-16.24
-16.64
-16.75
-14.86
-18.48
-10.84
-11.05
-7.07
-1.57
-6.73
-3.00
-5.65
-3.09
2.65
0.57
7.96
5.52
4.96
7.33
1.75
5.53
1.09
0.58
4.78
2.18
8.50
3.93
1.59
4.55
-0.32
3.40
-1.31
-2.39
-0.22
-7.91
-3.64
-3.93
-2.57
0.03
-5.66
0.55
0.14
1.78
7.31
3.79
9.28
7.98
9.73
16.46
15.32
23.25
21.63
19.11
19.22
10.04
12.09
9.07
8.20
13.04
9.91
14.67
10.76
9.19
13.82
9.08
12.21
8.84
8.05
10.91
3.09
5.59
3.33
3.68
8.98
5.38
13.01
11.90
6.87
6.47
0.81
8.41
11.40
14.80
23.24
20.61
22.20
14.89
8.35
8.52
0.01
1.59
1.23
4.08
10.54
4.94
8.10
4.75
1.15
5.93
3.16
9.89
10.81
10.80
18.17
16.19
20.51
17.35
12.98
14.84
9.49
17.18
20.35
19.27
21.62
13.16
13.84
12.55
11.70
15.67
9.58
13.80
14.59
14.07
20.94
17.96
20.23
16.25
12.38
17.36
12.56
15.47
14.85
13.96
21.89
19.66
23.49
22.29
17.79
18.66
11.27
14.45
13.14
7.47
8.54
1.79
4.70
5.30
4.26
10.04
6.02
9.62
9.05
5.27
9.50
4.18
6.15
4.93
-0.59
1.89
-3.88
-1.54
1.27
3.62
11.05
4.05
1.70
-2.53
-7.08
0.23
-0.50
2.53
-1.50
-11.58
-12.01
-18.32
-14.14
-10.05
-10.76
-4.49
-7.41
-2.02
3.38
2.46
5.09
-1.84
-0.78
-1.22
-3.96
3.37
0.81
3.40
4.24
0.24
3.58
-3.00
-3.85
-5.51
-10.25
-5.45
-8.89
-4.61
-1.00
-3.76
1.16
-2.33
0.76
3.12
2.61
12.56
11.24
12.88
12.99
8.56
15.44
15.57
20.32
23.00
18.41
20.60
14.69
15.65
16.43
11.87
16.54
10.09
7.20
6.66
1.02
3.83
-0.71
0.53
1.71
-3.44
-0.07
-5.48
-2.52
3.74
1.77
6.98
4.07
6.89
10.79
7.82
12.10
5.15
0.75
-1.88
-6.16
3.16
3.23
4.19
3.20
-6.19
-3.69
-6.08
-2.96
2.34
-0.73
3.24
-1.23
-0.43
2.42
-2.12
2.55
-1.44
-1.79
-0.61
-6.51
-1.54
-4.54
-3.98
0.56
-1.95
3.41
-0.65
-2.26
-1.63
-8.96
-7.80
-13.09
-12.10
-7.65
-11.12
-6.03
-10.89
-14.25
-14.88
-20.87
-13.68
-12.44
-9.39
-6.20
-12.34
-8.79
-14.60
-18.72
-17.61
-22.00
-14.89
-14.38
-9.36
0.10
-2.83
-0.82
-7.07
-9.00
-5.39
-9.07
-1.30
-0.50
0.44
2.15
-6.44
-3.75
-7.20
-9.65
-8.02
-13.68
-7.91
-8.20
-5.32
3.11
1.12
5.95
0.96
-4.11
-2.02
-5.63
0.41
-2.34
-5.24
-3.32
-9.81
-4.68
-3.49
-1.74
2.21
-4.62
-1.44
-2.05
0.22
7.29
3.63
8.33
5.60
3.17
8.09
4.90
9.87
7.98
7.43
12.69
6.77
8.86
5.16
2.11
5.99
0.56
3.97
2.05
-1.52
-0.62
-6.55
-0.36
-1.60
-6.76
-7.38
-17.02
-15.94
-18.78
-20.75
-17.54
-27.24
-29.23
-34.81
-37.16
-29.88
-31.71
-25.17
-25.56
-28.94
-26.46
-31.54
-24.52
-23.48
-26.00
-21.81
-26.50
-21.92
-22.22
-21.93
-13.27
-15.92
-11.65
-13.08
-14.38
-8.05
-12.80
-7.29
-5.28
-5.61
-1.39
-10.87
-11.76
-15.20
-18.89
-12.65
-15.40
-11.40
-13.84
-18.38
-14.39
-19.28
-13.20
-10.79
-13.74
-9.99
-13.95
-7.54
-4.97
-5.90
-1.98
-10.57
-9.74
-11.63
-14.67
-7.65
-9.71
-4.12
-3.46
-4.53
2.58
-2.66
-0.35
-1.10
-5.42
-2.60
-10.09
-9.17
-11.63
-15.40
-7.82
-9.32
-3.64
-4.13
-10.36
-8.79
-17.20
-14.16
-9.88
-8.94
-2.38
-8.19
-7.32
-10.07
-14.86
-7.94
-10.89
-8.14
-9.75
-15.32
-11.29
-16.93
-12.12
-7.26
-6.92
2.12
0.68
5.79
7.04
1.70
4.59
-2.03
-0.65
-1.21
-5.72
-0.82
-8.36
-8.44
-7.97
-12.52
-7.15
-8.66
-0.16
8.75
12.37
21.11
14.29
11.09
7.82
2.76
8.51
5.18
8.55
6.73
-2.88
0.62
-0.20
8.35
13.75
11.26
16.93
9.84
7.05
3.86
-2.54
2.29
-3.65
-4.55
-4.14
-5.67
2.19
-1.72
1.60
4.54
-0.73
3.07
-1.25
1.07
2.81
-1.95
0.73
-6.99
-6.35
-4.04
-7.35
-1.00
-4.32
-1.48
0.04
-6.24
0.20
2.06
9.86
16.69
18.53
27.85
21.55
18.35
18.17
14.57
20.13
14.74
16.96
21.43
16.94
20.78
15.83
14.51
11.53
2.04
4.31
-0.57
0.81
1.42
-5.95
-1.13
-4.37
-3.09
-1.10
-5.54
2.37
1.95
5.53
11.09
9.34
14.08
6.75
4.64
5.62
0.61
8.18
9.48
16.38
23.18
18.37
21.19
14.01
10.98
12.67
9.77
17.30
14.91
16.26
20.70
16.84
20.20
13.22
9.71
10.51
7.57
16.59
15.58
16.66
19.86
13.89
18.52
18.10
22.79
27.60
20.59
24.86
24.08
25.67
29.14
24.70
29.42
23.48
18.22
15.55
6.72
10.84
7.03
5.58
8.12
1.14
1.42
-6.25
-8.78
-6.74
-13.33
-8.65
-10.68
-10.22
-5.09
-8.47
-3.10
-5.41
-4.10
3.17
1.55
7.33
5.81
8.33
15.39
12.68
18.85
16.98
14.00
13.26
6.64
12.75
10.52
8.16
10.34
3.51
6.87
3.76
0.56
1.13
-6.72
-4.94
-9.56
-12.60
-12.10
-20.97
-18.53
-21.21
-20.95
-12.86
-12.47
-1.55
4.55
11.59
23.07
23.16
29.01
27.45
27.36
32.53
28.64
35.92
38.23
40.44
46.96
41.35
41.30
33.77
26.62
26.22
19.16
21.77
15.44
7.02
5.69
-2.08
1.29
0.32
-0.09
4.53
-1.28
2.23
1.10
-0.48
4.00
-0.08
5.78
8.64
11.78
17.91
11.09
12.03
7.53
1.94
4.90
1.66
8.15
8.36
6.05
8.69
-0.15
0.52
-1.84
-5.84
-2.92
-11.03
-12.66
-15.99
-17.55
-9.57
-8.37
0.79
2.68
0.71
7.62
6.56
12.72
14.04
11.76
14.82
6.27
4.70
1.29
-3.34
-1.49
-8.52
-5.81
-6.93
-11.42
-6.57
-10.06
-7.47
-9.23
-14.38
-13.73
-22.52
-20.54
-18.56
-19.58
-15.16
-20.87
-17.50
-15.07
-14.01
-3.57
-2.56
3.41
4.61
2.14
7.24
1.84
3.28
2.75
-1.84
1.33
-3.88
-1.28
-0.19
-1.81
4.76
-0.23
-0.89
-4.62
-11.40
-7.17
-8.86
-2.39
0.32
-3.29
0.09
-7.04
-8.21
-10.90
-17.65
-15.33
-20.39
-16.61
-12.56
-13.34
-5.31
-4.97
0.52
2.61
-1.07
1.84
-5.93
-6.63
-5.05
-6.30
-0.76
-7.16
-8.21
-7.55
-10.11
-4.86
-11.11
-12.20
-12.01
-16.78
-11.48
-13.08
-10.24
-11.13
-19.67
-17.17
-19.94
-16.28
-13.93
-18.16
-13.84
-19.25
-18.86
-16.86
-19.28
-10.62
-9.15
-3.34
0.62
-2.99
1.31
-3.03
-0.18
5.75
5.28
12.33
9.07
8.78
10.03
7.13
13.63
8.77
6.00
4.65
-2.61
-0.10
-4.53
-3.26
-1.38
-7.60
-4.42
-8.77
-7.98
-5.43
-10.23
-5.02
-6.45
-2.34
3.49
1.11
7.80
6.64
9.17
13.02
10.61
16.96
12.02
9.64
10.27
4.84
9.48
6.37
7.50
13.21
12.42
19.07
15.58
14.18
15.25
8.33
11.93
9.89
9.86
9.41
1.06
4.05
-0.67
-2.10
-0.16
-6.87
-3.33
-5.38
-3.89
-0.35
-6.00
-3.43
-8.59
-7.83
-0.99
-3.12
3.34
1.63
-0.61
-1.11
-6.91
0.00
-0.87
-0.97
2.16
-3.30
-0.94
-7.50
-9.85
-5.91
-10.98
-6.88
-9.39
-9.81
-6.64
-12.51
-9.39
-14.96
-19.77
-18.25
-22.44
-16.46
-17.87
-17.75
-13.44
-17.68
-10.24
-7.77
-4.06
0.69
-8.33
-7.17
-9.72
-9.43
-3.18
-6.31
-0.25
-2.21
-4.35
0.45
-3.38
0.87
-2.07
-3.51
1.30
-3.63
0.96
-0.80
-3.71
-2.66
-9.54
-3.98
-4.38
-6.01
-2.55
-7.87
-3.16
-5.18
-6.81
-1.38
-6.65
-3.17
-5.40
-7.55
-1.14
-3.21
3.64
4.44
4.04
9.85
4.78
7.64
7.24
8.05
13.90
7.23
7.67
2.33
-2.13
2.92
1.03
11.13
14.97
13.13
13.96
5.02
9.08
9.96
9.54
15.59
8.67
7.23
-0.24
-8.11
-6.45
-12.79
-9.78
-11.46
-12.95
-5.47
-8.22
-1.91
0.23
0.43
6.59
0.89
3.88
1.25
-5.25
-3.84
-10.54
-5.78
-3.91
-5.51
-0.52
-5.47
-1.66
-1.00
-0.54
7.78
3.39
5.70
3.47
-0.18
5.65
1.62
6.34
6.99
3.53
5.78
-2.21
1.06
1.85
-0.27
7.06
5.87
12.59
12.63
7.62
12.39
7.25
9.48
10.51
11.22
20.32
16.26
17.91
16.76
13.84
20.03
15.31
17.72
17.81
15.26
20.63
15.84
19.90
20.14
13.55
14.67
8.86
15.47
21.97
22.90
28.71
23.22
24.62
20.46
11.87
14.49
8.81
11.56
12.16
9.38
14.75
5.99
4.62
3.57
-2.12
1.67
-3.62
-2.80
-4.90
-9.35
-3.31
-7.61
-4.35
-1.86
-3.07
6.59
6.08
8.47
7.05
1.66
6.58
2.67
5.46
5.33
-0.15
3.95
-2.14
0.60
4.29
-0.04
0.74
-9.67
-10.78
-9.99
-15.99
-14.56
-22.52
-22.04
-21.90
-27.88
-22.83
-26.70
-24.81
-21.94
-20.61
-7.27
-3.93
4.53
11.58
12.21
23.37
27.19
38.40
49.66
55.23
69.08
67.59
66.99
67.22
63.00
69.59
70.00
76.91
80.28
75.29
80.72
76.69
76.64
74.02
63.37
63.71
57.09
60.15
65.90
62.10
64.05
54.58
52.64
56.36
55.64
64.76
61.46
59.15
57.68
49.15
51.54
47.69
49.40
51.85
47.03
50.38
43.24
42.73
45.53
44.23
54.70
51.01
45.63
39.14
25.91
26.60
22.81
24.95
26.58
18.12
20.23
15.11
15.04
16.52
8.65
9.89
3.14
3.13
8.58
6.00
11.06
7.65
9.92
16.41
16.64
25.84
21.54
18.27
20.97
16.91
21.63
18.46
17.17
15.41
5.72
9.55
8.10
10.92
13.65
3.71
1.68
-7.18
-8.37
-5.11
-10.97
-3.34
-4.18
-8.88
-9.81
-12.98
-3.12
-0.16
4.35
12.25
12.09
19.71
17.81
18.59
25.93
25.28
31.57
29.89
31.27
34.77
26.03
23.88
15.47
10.72
10.68
4.38
8.29
6.64
5.75
3.85
-7.50
-8.74
-16.31
-18.30
-12.45
-16.23
-13.13
-18.42
-22.80
-22.62
-30.02
-23.69
-23.54
-25.61
-21.06
-21.09
-9.89
-8.25
-9.93
-5.14
-8.36
-4.49
-5.40
-2.16
4.93
-0.12
5.56
8.15
9.75
11.44
0.36
-2.80
-11.53
-16.91
-11.95
-14.76
-11.40
-14.72
-16.84
-14.61
-23.78
-24.17
-29.92
-36.30
-37.74
-45.68
-38.39
-35.69
-37.26
-32.34
-34.18
-26.78
-23.92
-19.01
-6.91
-8.78
-8.30
-14.34
-18.36
-15.31
-20.29
-13.38
-12.15
-16.10
-15.00
-20.50
-16.15
-16.91
-19.87
-15.69
-18.14
-14.15
-18.99
-25.23
-21.70
-25.05
-18.49
-14.05
-10.19
-3.96
-13.90
-15.11
-13.81
-11.08
-3.24
-6.99
-4.81
-7.96
-11.70
-6.84
-11.56
-8.97
-11.73
-19.44
-16.50
-19.95
-16.99
-15.53
-17.88
-17.16
-25.57
-22.00
-22.19
-30.11
-31.09
-39.67
-37.91
-35.60
-34.67
-25.69
-26.57
-22.10
-21.62
-21.76
-10.67
-10.16
-9.50
-15.51
-20.91
-14.99
-17.26
-11.62
-10.63
-16.78
-16.80
-26.02
-26.15
-25.73
-28.45
-25.21
-32.76
-32.40
-32.62
-36.06
-31.60
-36.71
-34.02
-31.52
-33.88
-31.69
-39.43
-37.10
-36.05
-41.55
-37.86
-41.15
-38.55
-38.39
-39.91
-30.81
-33.07
-29.97
-26.87
-29.99
-25.03
-28.93
-28.83
-29.82
-33.38
-26.40
-27.82
-23.49
-23.34
-30.36
-27.89
-33.38
-29.86
-25.47
-27.48
-21.73
-25.36
-24.67
-25.52
-30.60
-24.99
-28.01
-26.32
-20.94
-16.94
-7.82
-11.84
-11.67
-14.58
-25.45
-23.22
-24.96
-19.72
-13.37
-13.92
-8.41
-16.23
-17.72
-13.93
-15.06
-8.33
-11.33
-9.14
-9.74
-19.28
-16.42
-17.87
-13.19
-9.76
-12.61
-2.24
-2.46
-3.41
-3.82
-13.44
-16.69
-26.17
-26.15
-17.78
-15.70
-11.47
-19.89
-25.32
-28.83
-35.30
-26.72
-25.86
-26.53
-30.13
-39.82
-34.98
-35.47
-31.00
-24.27
-27.59
-23.70
-28.63
-29.38
-26.08
-30.88
-27.81
-31.37
-28.17
-21.05
-24.02
-19.02
-21.23
-19.71
-14.16
-14.58
-4.88
-6.11
-7.63
-6.31
-12.66
-8.43
-11.29
-12.50
-11.32
-19.00
-17.83
-23.41
-24.57
-20.05
-21.18
-10.63
-6.60
-2.31
1.95
-3.11
2.02
-0.22
0.02
5.89
4.36
12.48
13.32
13.98
16.60
10.78
14.24
9.24
6.80
10.55
4.49
7.32
6.46
10.71
21.77
22.40
26.74
21.63
19.67
22.42
18.60
29.37
32.34
35.09
41.86
35.79
39.15
38.23
36.77
36.85
29.41
35.16
32.35
27.34
27.47
17.61
15.68
6.93
-1.02
-2.24
-10.88
-9.42
-13.72
-16.44
-12.60
-17.81
-12.70
-13.80
-15.72
-11.02
-14.61
-8.30
-7.79
-5.82
3.87
1.59
4.74
1.98
0.99
5.56
-1.57
1.22
-0.96
-5.34
-3.53
-9.41
-3.97
-2.91
-3.00
1.79
-5.49
-3.73
-4.50
-3.54
5.07
3.92
13.57
18.06
18.22
24.72
22.19
28.96
29.80
27.05
32.84
31.86
38.15
36.15
35.38
45.09
41.65
45.94
45.47
37.99
34.33
23.89
26.86
29.99
33.57
41.09
34.44
34.21
31.79
32.10
44.91
50.50
60.38
60.67
59.78
64.83
53.18
53.54
52.48
44.41
47.53
48.04
57.82
59.39
55.23
55.74
42.19
37.23
31.64
24.33
23.82
12.09
9.98
6.30
0.70
5.01
-0.98
0.54
-1.00
-6.80
-5.78
-16.43
-18.77
-24.50
-33.33
-30.05
-35.70
-35.55
-39.87
-45.25
-40.05
-45.74
-40.10
-34.96
-36.73
-30.89
-34.34
-30.38
-28.59
-29.08
-20.00
-21.87
-14.92
-8.72
-7.87
2.87
4.04
9.57
10.64
7.69
13.74
9.80
15.82
19.58
16.67
22.44
17.40
20.12
22.60
20.03
24.96
18.97
21.90
24.81
23.18
32.97
31.76
33.84
34.10
31.41
38.27
33.24
36.83
39.30
32.77
35.33
29.89
32.44
33.35
26.31
27.33
17.57
14.63
15.88
17.39
28.62
25.40
24.60
19.88
7.35
5.83
-2.51
-4.75
-10.12
-19.31
-13.58
-15.24
-9.97
-4.85
-7.18
-1.52
-6.18
-4.58
-4.03
-12.40
-12.34
-20.40
-18.89
-13.39
-14.13
-6.68
-10.01
-8.84
-8.32
-15.10
-12.59
-19.92
-20.85
-18.30
-18.82
-8.64
-10.75
-11.91
-14.59
-22.44
-18.77
-22.64
-17.80
-11.14
-14.22
-10.06
-16.39
-18.11
-18.24
-24.27
-19.26
-24.62
-26.59
-26.76
-34.60
-31.57
-36.20
-36.66
-35.06
-39.29
-32.72
-34.97
-31.95
-27.82
-32.62
-26.39
-27.90
-24.82
-19.93
-25.43
-22.73
-28.03
-28.91
-27.44
-32.44
-26.16
-29.03
-28.87
-27.59
-33.94
-27.15
-26.82
-22.67
-16.59
-21.18
-19.03
-25.88
-28.74
-26.62
-28.44
-17.93
-19.06
-22.07
-21.15
-27.81
-27.34
-35.42
-37.07
-32.25
-35.79
-30.71
-33.43
-31.83
-25.94
-29.60
-23.26
-22.31
-19.71
-17.31
-25.14
-20.96
-21.92
-20.11
-13.85
-14.89
-6.51
-7.13
-7.04
-3.57
-6.64
3.72
8.62
14.26
22.03
19.35
23.43
16.53
11.39
15.64
13.54
19.46
18.20
18.01
18.16
6.66
6.51
2.94
2.72
5.85
-0.46
4.18
1.42
-0.43
4.39
-1.42
-0.48
-5.03
-8.35
-6.33
-9.35
-1.86
-3.90
-5.10
1.80
0.46
8.95
11.18
10.23
12.39
5.38
6.07
2.44
4.14
12.44
8.37
11.73
9.53
6.81
11.64
9.70
15.84
16.91
15.86
16.05
9.23
15.16
15.25
13.53
16.81
10.50
13.17
11.81
12.48
18.41
10.67
11.13
7.92
2.19
3.77
1.28
9.88
11.89
10.25
14.29
8.63
11.94
12.63
12.87
19.14
12.85
10.03
1.69
-3.58
2.30
-2.56
-4.24
-13.29
-20.52
-16.05
-18.62
-9.25
-3.66
-4.78
-1.65
-6.06
0.63
3.50
0.27
-0.42
-10.94
-9.54
-7.28
-5.64
1.84
-2.97
-0.70
-1.46
-6.29
-5.09
-11.84
-7.94
-5.04
-2.52
9.37
8.90
8.51
0.10
-8.92
-5.07
-9.07
-6.18
-5.11
-7.15
-2.28
-5.49
-1.63
-4.13
-12.76
-12.03
-16.19
-9.42
-4.32
-5.50
-3.54
-13.31
-14.25
-12.92
-11.64
-3.66
-8.19
-8.06
-10.68
-14.16
-7.03
-10.40
-7.71
-6.49
-9.69
-4.41
-5.77
1.01
4.07
0.31
5.14
1.56
4.55
8.50
9.25
16.95
13.40
15.32
16.15
10.88
13.00
7.48
10.36
11.25
5.83
10.74
6.64
6.27
3.85
-3.01
0.21
-6.15
-6.81
-5.30
-6.80
0.02
-3.74
-3.49
-5.40
-12.45
-8.43
-12.89
-11.15
-8.69
-13.14
-9.24
-13.04
-9.84
-5.96
-8.51
-1.53
-1.26
5.06
12.68
16.08
28.43
30.63
37.70
44.96
41.76
41.53
30.82
28.35
29.19
24.64
30.34
27.75
29.03
31.56
28.80
34.64
30.58
27.24
22.20
13.97
20.89
22.11
24.27
23.65
17.56
23.06
19.46
21.14
26.87
25.29
32.19
28.74
27.76
28.59
21.04
22.96
19.86
25.55
34.20
30.16
30.44
21.33
17.76
20.09
17.41
23.84
20.36
19.81
22.48
16.26
20.13
18.00
17.32
18.70
14.50
20.77
19.19
20.73
23.24
16.46
20.97
18.63
18.20
22.12
19.98
26.99
24.36
22.72
24.62
20.93
31.67
36.47
40.30
44.20
36.76
37.42
33.02
35.42
44.99
45.11
51.02
47.53
45.63
49.85
48.33
55.12
53.03
52.77
55.59
47.65
48.77
44.07
41.63
43.47
36.43
40.93
40.24
38.49
38.85
29.83
30.35
24.38
21.10
24.28
19.09
24.81
24.07
23.58
27.80
22.47
25.97
22.15
20.21
24.12
18.04
22.85
21.65
18.03
18.30
10.07
11.16
3.70
-3.51
-2.33
-9.21
-5.69
-7.82
-11.74
-10.35
-17.12
-15.59
-19.78
-21.34
-16.43
-23.61
-22.90
-25.46
-24.93
-17.21
-21.04
-18.34
-22.01
-25.76
-23.87
-31.94
-28.48
-28.14
-27.97
-21.19
-22.57
-12.89
-11.31
-17.27
-18.75
-25.86
-19.99
-16.66
-13.97
-7.89
-13.93
-12.27
-16.66
-18.37
-8.40
-8.09
-0.21
0.60
-1.71
1.80
-7.24
-8.06
-12.58
-16.99
-12.07
-16.99
-11.52
-8.94
-10.44
-5.83
-9.51
-4.61
-5.68
-7.24
0.73
-3.87
-2.60
-3.24
-4.30
1.06
-4.34
-1.43
-4.82
-12.63
-11.91
-19.25
-15.43
-16.21
-21.13
-16.84
-22.64
-19.11
-18.19
-22.79
-22.54
-31.95
-30.55
-30.97
-31.91
-24.58
-30.01
-27.58
-27.54
-28.54
-19.60
-23.13
-21.36
-23.69
-29.09
-24.21
-27.25
-19.44
-12.99
-12.46
-7.55
-14.23
-11.94
-12.26
-14.40
-5.71
-8.01
-5.28
-8.57
-15.02
-8.88
-11.10
-5.68
-5.11
-10.69
-7.36
-12.40
-7.08
-5.60
-10.93
-7.43
-15.63
-15.02
-11.24
-9.98
-1.66
-5.52
-2.09
1.12
0.49
7.71
3.53
7.08
9.44
7.91
15.95
12.75
16.11
17.50
13.67
18.64
12.09
10.60
6.60
-1.22
3.00
0.41
5.40
5.74
0.11
5.85
2.07
6.04
9.94
7.49
12.99
8.75
12.78
17.36
17.00
24.30
19.46
21.04
21.25
15.51
20.72
15.52
15.35
15.63
11.26
16.20
11.05
14.00
16.57
10.04
12.64
7.40
9.35
11.21
7.35
13.58
9.06
8.77
8.49
3.78
10.53
6.15
5.49
6.39
2.55
9.91
9.40
16.43
25.59
27.97
38.24
37.49
42.12
45.56
39.48
42.68
37.40
37.29
35.74
28.33
34.82
32.62
34.06
36.50
30.76
31.83
23.26
22.39
26.23
24.04
30.96
28.29
28.41
28.67
22.93
27.28
20.30
16.36
14.77
6.98
10.03
5.62
7.29
10.46
4.63
6.76
0.08
0.30
2.23
-3.06
5.64
4.71
3.63
3.34
-4.69
-1.98
-5.10
-1.51
3.45
-2.22
0.91
-4.78
-5.80
-1.78
-4.57
1.37
-2.32
-1.51
3.50
0.76
7.71
5.26
4.47
5.87
0.93
8.83
8.28
7.72
8.65
2.91
9.44
8.59
11.47
19.12
15.46
14.94
4.62
0.09
0.65
-6.23
-0.98
-2.63
-3.79
-2.72
-9.02
-4.75
-7.08
-6.22
-2.81
-8.08
-1.65
-1.77
0.34
4.83
-1.92
3.26
3.35
5.16
11.41
7.58
11.61
6.44
1.88
3.44
-0.48
6.10
2.54
-1.07
1.74
-3.75
-1.20
-4.69
-3.39
3.84
0.42
5.99
8.20
14.34
23.04
19.84
25.15
22.83
22.24
28.08
26.80
37.94
36.93
28.22
26.71
21.04
27.71
29.30
29.29
29.94
16.02
11.46
5.13
3.78
12.01
10.54
14.09
11.96
13.41
18.47
11.05
13.07
8.48
2.48
4.06
-1.50
4.09
6.20
6.22
8.96
4.13
9.88
7.65
5.24
9.92
4.74
10.47
11.46
10.52
18.49
17.51
20.75
17.41
14.51
18.69
13.30
17.44
17.55
14.01
14.16
3.94
2.88
-1.35
-6.38
-4.09
-10.36
-8.28
-10.68
-12.84
-6.08
-9.05
-4.64
-2.99
-3.71
-0.50
-5.77
-2.84
-7.56
-14.27
-10.94
-14.72
-8.68
-5.11
-2.11
4.67
-4.16
-5.69
-9.95
-16.65
-14.31
-19.17
-15.49
-14.05
-16.88
-16.09
-23.39
-21.96
-24.83
-29.06
-23.22
-26.64
-25.10
-28.39
-32.64
-26.02
-28.39
-22.10
-18.69
-22.41
-20.53
-28.02
-28.00
-28.34
-28.98
-21.52
-25.56
-23.73
-22.99
-26.69
-24.96
-30.87
-26.85
-22.95
-24.19
-19.90
-23.44
-22.77
-27.24
-30.74
-21.15
-21.84
-17.31
-14.29
-17.47
-12.08
-11.95
-2.42
5.74
5.62
10.84
7.62
11.64
14.46
13.62
21.41
16.68
15.28
13.63
9.43
13.82
7.42
5.83
2.34
-5.03
-1.05
-5.16
-2.11
3.02
1.63
4.62
-3.57
-6.69
-11.79
-20.04
-12.17
-9.58
-1.93
3.72
-1.64
-2.34
-11.59
-13.57
-11.50
-13.55
-9.02
-14.81
-15.06
-13.61
-16.20
-8.32
-9.82
-7.04
-3.76
-8.48
-5.39
-9.53
-7.05
-3.90
-7.88
-2.19
-5.45
-7.09
-9.85
-16.59
-11.34
-15.04
-15.78
-14.30
-15.76
-4.46
0.66
8.54
12.70
5.03
4.60
-1.99
-0.38
5.87
5.56
11.09
5.04
3.91
6.76
2.52
5.73
-0.85
-2.68
-1.25
-7.82
-6.11
-12.87
-15.96
-15.69
-20.72
-14.81
-17.20
-18.52
-18.71
-24.19
-16.59
-16.60
-15.21
-10.97
-12.85
-3.05
1.51
8.74
15.21
9.80
12.34
10.28
13.21
18.32
14.71
17.73
8.57
1.18
0.40
-6.78
-5.47
-11.14
-12.22
-11.43
-21.36
-18.90
-21.52
-21.61
-16.07
-16.59
-8.30
-11.25
-13.69
-10.85
-15.39
-9.01
-7.64
-4.04
1.57
-2.56
3.13
1.39
0.93
5.31
2.92
11.18
10.59
10.99
15.94
8.19
6.02
-3.21
-9.11
-7.86
-13.51
-8.63
-11.30
-14.94
-15.50
-24.25
-20.07
-19.35
-15.96
-8.22
-11.66
-5.58
-4.58
-4.51
-3.34
-13.76
-14.58
-20.67
-24.54
-19.89
-21.35
-13.11
-12.49
-10.91
-2.94
-5.61
-0.94
-4.92
-9.97
-7.42
-11.66
-5.92
-6.55
-6.49
1.19
0.83
10.83
14.98
16.86
22.23
16.35
20.55
20.27
20.20
26.16
20.52
23.02
19.68
16.50
20.60
14.80
18.29
16.23
12.74
14.24
4.01
3.18
-1.26
-6.10
-4.10
-9.85
-3.91
-3.16
-3.43
2.88
-3.23
-0.40
-1.71
-4.28
1.21
-3.28
0.91
-0.59
-5.48
-3.16
-9.67
-5.73
-5.60
-7.15
0.70
-0.65
3.82
1.30
-1.89
4.32
0.70
6.40
7.14
4.20
7.32
-2.24
-2.93
-5.26
-8.11
-2.81
-8.06
-2.90
-0.44
-1.08
6.52
4.12
9.80
10.87
8.45
14.79
12.88
21.10
24.59
21.95
24.51
13.70
12.23
12.00
11.13
18.69
14.12
15.99
13.53
8.75
16.16
16.64
26.31
30.69
28.76
33.28
27.44
31.61
32.49
29.29
35.38
30.25
32.81
34.00
34.46
45.56
42.18
41.61
37.74
31.21
35.06
29.23
32.25
32.89
28.07
33.61
30.84
35.70
38.41
36.13
40.41
35.06
40.02
43.23
39.89
43.47
38.15
43.58
47.40
44.27
47.55
37.51
33.97
29.37
21.03
24.56
18.75
19.11
16.84
8.68
9.12
-2.14
-9.19
-17.73
-26.14
-21.28
-26.99
-25.69
-25.22
-30.77
-25.85
-30.12
-28.01
-27.43
-32.08
-27.09
-33.54
-31.73
-27.68
-30.54
-26.92
-33.65
-32.45
-32.93
-40.65
-36.71
-41.05
-38.13
-34.32
-36.87
-29.46
-32.99
-34.29
-36.54
-44.18
-41.71
-45.80
-40.24
-33.13
-34.70
-31.74
-40.47
-42.09
-43.53
-50.47
-42.77
-43.66
-45.00
-47.81
-51.41
-41.89
-43.01
-40.82
-39.78
-47.41
-47.08
-52.24
-45.37
-36.62
-36.87
-28.19
-31.79
-32.50
-29.39
-31.81
-25.70
-30.01
-28.78
-23.20
-24.97
-20.34
-26.21
-27.25
-26.30
-31.35
-24.55
-24.82
-21.36
-20.25
-28.11
-22.43
-21.82
-16.48
-11.66
-16.08
-10.21
-13.89
-13.58
-8.43
-8.89
0.76
-0.87
-1.73
-1.01
-6.54
-0.49
-3.54
-1.38
5.59
2.50
6.40
1.22
0.15
3.07
-1.21
4.84
4.47
8.89
14.07
8.39
11.70
5.91
3.10
4.41
-1.36
3.18
0.31
1.04
3.81
-0.37
8.79
10.30
12.36
15.03
8.13
10.07
3.19
1.16
5.48
4.54
15.82
16.96
16.98
19.43
12.56
14.66
8.58
6.52
10.50
3.69
4.10
-1.74
-3.06
0.40
-5.01
0.08
-1.30
-1.43
0.91
-6.15
-1.11
-0.73
1.24
7.41
4.28
8.90
6.20
6.63
14.05
14.58
22.82
19.59
15.44
16.26
9.46
16.10
18.53
19.29
20.84
11.95
13.64
9.90
7.30
10.79
5.52
8.43
5.13
3.79
7.88
1.87
4.13
0.32
-0.91
4.76
0.88
5.74
4.02
2.87
7.93
4.78
12.33
13.95
15.14
21.61
17.09
20.52
16.52
9.93
11.15
7.51
15.97
20.56
23.27
27.67
18.41
16.22
10.39
7.03
11.68
7.26
11.32
9.41
4.99
6.45
0.32
4.26
3.40
1.97
7.33
2.83
6.88
6.85
7.26
16.57
16.82
24.19
25.89
25.49
31.08
24.96
25.10
21.28
15.66
17.45
12.97
18.57
19.72
16.17
15.69
5.52
7.63
11.19
15.69
28.85
30.52
33.84
29.71
24.12
26.88
20.78
25.32
27.07
22.28
23.72
17.12
17.66
14.76
8.80
10.77
6.55
12.93
18.48
23.19
33.25
28.91
29.19
25.51
21.60
30.40
30.19
33.71
32.16
26.86
29.59
24.61
29.53
32.37
31.04
38.04
35.77
42.34
47.37
44.70
46.84
40.23
42.36
42.68
38.33
41.14
32.74
33.04
35.20
33.00
38.94
35.05
35.43
36.12
37.49
49.22
47.69
46.91
43.03
34.33
35.69
31.25
33.69
31.80
21.91
21.08
13.62
14.58
17.37
17.11
27.01
29.03
35.11
36.63
28.39
25.83
14.94
12.48
12.55
8.67
13.17
8.14
8.69
10.24
7.96
13.58
6.96
5.71
7.77
5.99
13.25
10.61
12.68
15.14
10.43
14.59
11.38
13.09
13.81
9.66
17.93
18.66
23.19
25.17
17.71
18.48
10.28
7.86
7.20
-0.04
4.57
2.39
4.14
8.15
6.32
11.80
6.20
4.82
6.26
1.08
4.66
-0.36
-1.00
0.77
-3.69
1.22
-1.53
0.88
4.55
-0.67
4.42
2.48
3.85
8.39
6.35
12.94
10.82
10.96
11.43
4.21
8.13
4.63
5.29
9.93
6.18
10.97
6.91
6.20
11.06
10.82
22.76
26.77
29.46
31.24
23.53
25.17
19.63
18.14
20.41
13.69
15.27
8.73
7.38
13.20
10.87
15.18
10.01
7.38
7.61
-1.44
0.77
-2.36
-3.55
-1.99
-7.56
-1.63
-2.71
-2.76
-0.50
-7.42
-3.55
-6.61
-8.36
-4.79
-9.49
-4.40
-5.86
-6.46
-3.83
-10.74
-8.26
-11.32
-9.77
-2.49
-5.69
-1.58
-7.08
-12.04
-10.13
-15.38
-11.01
-15.25
-19.54
-17.26
-21.50
-13.39
-9.89
-5.55
2.57
-0.51
5.64
5.85
5.01
6.74
-2.34
0.45
-0.73
-2.25
1.93
-3.41
-1.69
-7.72
-11.66
-6.24
-9.01
-2.74
-2.62
-3.37
0.27
-6.60
-3.88
-6.83
-9.33
-5.09
-10.15
-3.84
-2.58
-2.42
5.23
2.20
6.50
5.24
3.16
7.48
1.43
4.29
2.10
-0.06
5.92
2.77
10.94
15.71
16.93
22.11
16.15
18.28
14.79
10.49
14.29
7.58
8.61
4.04
-1.98
-0.29
-7.34
-2.59
-2.24
-5.41
-1.24
-8.31
-7.37
-10.01
-13.06
-5.75
-7.31
0.18
5.08
8.37
17.65
16.22
24.25
25.63
21.46
25.38
19.93
23.54
24.12
22.58
27.80
21.58
24.42
22.93
18.47
24.06
18.55
18.83
16.09
13.39
19.62
13.88
16.52
16.21
11.19
11.73
0.08
-2.41
-5.14
-8.27
0.35
0.85
8.79
11.01
6.55
10.10
6.54
14.79
20.79
19.95
23.74
15.22
15.00
13.22
8.69
14.44
9.86
10.84
8.14
3.71
9.86
4.21
4.27
0.10
-8.35
-4.94
-9.36
-5.01
-1.47
-2.66
2.65
-3.28
-0.59
0.53
-3.17
1.89
-3.37
-0.49
1.44
-0.54
6.93
2.77
4.33
3.77
-0.48
6.22
2.69
7.17
9.64
4.00
6.61
-1.50
-1.09
1.08
-2.27
2.32
-4.81
-6.98
-10.68
-18.70
-14.62
-18.56
-15.07
-13.36
-18.66
-13.85
-19.26
-18.45
-18.10
-24.20
-20.08
-25.31
-24.20
-23.47
-28.91
-24.11
-27.78
-23.67
-18.25
-17.27
-6.93
-10.40
-10.52
-8.45
-9.84
-1.17
-2.08
2.58
4.72
-2.43
0.00
-6.61
-6.97
-6.74
-14.63
-12.67
-18.46
-17.50
-14.85
-18.76
-13.11
-16.95
-16.66
-17.03
-23.07
-17.13
-18.45
-11.83
-3.06
-1.69
7.25
3.27
3.32
5.52
1.47
9.26
8.00
10.19
14.09
10.69
17.15
14.29
14.58
15.10
7.52
9.27
1.36
-1.68
-1.15
-6.78
-2.11
-6.80
-8.32
-8.83
-18.16
-17.90
-25.02
-27.41
-28.51
-36.86
-32.62
-33.75
-27.91
-17.47
-14.18
-1.92
-1.00
1.79
7.02
3.45
9.35
7.28
9.25
13.68
8.96
13.65
10.92
12.42
16.48
12.76
19.78
17.15
16.09
17.18
9.67
13.88
10.00
7.57
8.41
1.06
2.63
-6.07
-12.06
-12.12
-19.80
-17.05
-20.84
-21.98
-19.79
-25.54
-19.72
-21.74
-23.42
-21.14
-26.94
-22.23
-22.52
-17.88
-9.12
-13.03
-10.83
-17.73
-20.97
-16.35
-19.44
-11.75
-11.13
-11.46
-10.04
-18.67
-16.28
-18.67
-19.42
-16.34
-22.67
-18.35
-20.65
-22.66
-18.24
-21.51
-15.72
-17.76
-20.78
-19.05
-24.86
-19.94
-20.57
-18.95
-11.72
-14.92
-9.19
-10.50
-10.51
-1.59
-1.76
3.57
0.52
-3.09
-3.28
-12.99
-9.86
-10.77
-13.76
-12.82
-20.89
-18.95
-21.05
-22.52
-20.04
-28.51
-27.35
-30.47
-31.31
-23.84
-26.16
-20.65
-20.84
-20.32
-12.00
-11.72
-2.74
-1.91
-6.41
-7.62
-17.94
-17.56
-20.15
-21.99
-14.99
-16.33
-10.16
-9.07
-7.37
3.17
3.80
12.31
17.36
21.00
30.40
28.34
32.16
28.91
21.13
18.75
8.28
9.66
9.61
9.25
17.66
16.10
20.59
19.96
15.65
16.47
6.71
6.40
3.26
-3.79
-3.69
-10.16
-4.86
-1.64
-1.46
5.12
0.29
2.71
4.17
5.97
18.29
21.23
26.65
23.45
15.14
14.71
5.79
5.90
5.85
5.07
11.70
5.26
4.92
4.19
0.24
3.44
-2.98
-2.25
-2.86
-6.36
-0.14
-0.36
7.21
9.15
3.91
8.08
4.25
8.30
12.24
11.56
17.08
12.43
16.29
20.75
19.62
24.80
20.88
23.61
24.13
20.53
26.78
22.40
21.16
16.80
7.55
8.67
1.14
-2.08
-5.80
-10.56
-4.09
-7.56
-4.88
-2.38
-8.03
-7.63
-14.98
-13.03
-9.94
-12.26
-5.86
-8.76
-5.64
-1.80
-2.25
5.60
2.65
2.99
0.60
-7.94
-5.38
-9.07
-4.95
1.00
0.59
6.83
0.99
-1.55
-3.54
-10.39
-6.89
-12.46
-13.45
-13.06
-17.40
-10.13
-9.79
-2.87
5.10
2.45
4.79
-2.12
-3.01
-2.87
-8.88
-3.41
-5.99
-5.86
-7.08
-14.74
-10.77
-15.86
-16.51
-13.46
-17.31
-12.28
-16.36
-17.47
-16.14
-20.56
-14.30
-15.75
-13.33
-9.86
-15.48
-10.84
-13.19
-12.25
-8.77
-13.58
-11.84
-21.06
-26.98
-27.51
-32.64
-26.87
-27.87
-25.42
-22.70
-31.72
-32.22
-38.35
-40.20
-36.07
-35.35
-24.65
-25.10
-24.89
-22.18
-28.52
-24.66
-25.97
-22.24
-15.29
-18.68
-13.01
-13.98
-13.61
-12.14
-19.16
-14.44
-15.55
-14.07
-7.70
-10.52
-8.17
-16.58
-23.15
-23.21
-27.51
-19.59
-21.26
-25.64
-28.51
-39.63
-37.37
-38.13
-35.07
-28.12
-33.10
-29.68
-31.83
-31.08
-24.63
-27.91
-23.39
-26.67
-26.89
-19.33
-20.77
-13.50
-14.34
-16.84
-15.40
-20.96
-14.10
-11.64
-5.57
5.62
4.14
9.81
7.65
4.26
5.66
-0.16
5.22
3.22
2.11
9.26
7.54
15.09
15.08
10.65
8.66
-2.34
-1.10
-2.18
0.27
9.94
7.96
12.23
8.29
3.32
5.04
-2.36
1.49
3.26
5.83
13.04
8.93
13.97
12.75
10.55
16.82
15.05
23.12
25.15
24.92
29.58
22.74
24.43
20.34
16.04
20.91
17.25
22.68
21.57
16.71
18.86
12.78
16.23
16.55
18.17
25.90
19.49
20.04
17.49
16.49
24.09
20.31
25.22
24.92
19.48
20.12
12.86
16.27
13.63
6.57
8.24
2.67
8.02
10.81
10.87
14.68
5.03
4.73
2.35
-0.94
5.82
4.39
10.84
10.68
7.53
13.17
8.11
11.80
11.83
9.11
15.62
11.01
13.00
11.80
9.92
16.73
10.94
12.82
11.26
6.99
12.80
8.09
10.58
8.83
2.36
3.07
-6.44
-5.12
-5.08
-9.27
-6.35
-12.80
-8.00
-5.90
-9.40
-5.03
-10.18
-5.73
-3.79
-5.75
0.81
-6.72
-9.45
-14.50
-21.21
-14.93
-17.62
-13.65
-13.37
-18.20
-13.76
-19.82
-18.16
-18.15
-22.55
-17.16
-21.16
-17.25
-16.28
-21.31
-18.44
-27.71
-28.74
-29.43
-35.04
-32.39
-40.40
-39.56
-39.28
-44.44
-38.67
-41.43
-37.32
-34.20
-34.90
-26.18
-29.18
-24.84
-21.56
-24.87
-17.60
-21.29
-20.83
-20.71
-23.90
-16.68
-19.66
-15.15
-12.40
-18.26
-13.93
-17.85
-14.78
-11.96
-14.42
-5.97
-9.18
-8.20
-7.36
-14.97
-15.20
-23.45
-21.82
-18.46
-21.16
-12.80
-13.79
-10.40
-8.68
-12.19
-3.62
-5.19
-1.55
2.55
-0.18
5.35
-0.71
-1.13
1.47
0.26
7.52
0.68
-1.65
-1.34
-7.13
-2.16
-5.93
-5.05
-4.78
-12.44
-8.74
-10.70
-5.26
-1.25
-7.06
-3.13
-7.81
-5.69
-1.95
-7.52
-3.74
-7.78
-7.05
-5.69
-9.38
0.77
1.72
5.17
10.15
6.74
11.21
5.08
3.03
4.30
0.36
8.36
7.40
11.45
18.73
16.22
21.15
14.65
10.22
9.43
2.35
4.22
-4.23
-8.15
-7.18
-12.58
-5.95
-5.60
-2.84
0.25
-4.34
1.40
-2.92
-4.66
-4.19
-12.57
-7.70
-5.68
0.16
4.11
-4.62
-4.16
-10.43
-10.21
-3.26
-4.40
2.39
-0.54
-0.04
5.78
3.41
9.27
5.28
3.32
5.92
1.36
6.18
-0.09
-6.64
-9.21
-17.54
-11.73
-11.58
-9.91
-5.44
-10.17
-4.36
-5.69
-5.65
-2.36
-9.51
-7.27
-10.77
-10.63
-5.11
-8.70
-3.17
-6.14
-7.46
-2.83
-6.55
1.24
3.37
6.21
13.12
10.42
17.12
17.82
20.30
26.06
20.29
22.99
17.55
12.15
13.99
9.47
15.09
13.62
11.72
11.80
0.16
-0.47
-4.22
-2.56
10.22
13.41
19.59
14.57
8.44
7.86
0.04
5.61
6.99
7.01
11.55
7.80
16.11
20.72
23.46
28.29
23.29
28.32
26.55
23.20
25.58
19.68
23.26
20.64
18.20
23.13
16.55
16.49
13.26
11.71
15.68
8.20
8.98
5.36
2.36
8.79
7.48
14.28
14.36
11.49
15.30
10.07
13.50
11.51
6.91
9.71
3.65
7.53
11.54
16.66
27.73
27.82
33.24
30.41
23.61
23.59
15.50
18.72
19.62
17.85
21.62
14.68
16.28
13.99
10.06
15.79
12.22
14.39
11.72
6.36
8.56
3.10
8.97
13.27
12.97
17.39
11.04
13.94
16.04
15.77
23.62
20.97
22.54
20.44
17.92
25.19
23.43
29.51
31.72
28.31
31.61
24.26
23.61
21.51
17.27
21.78
17.44
19.27
16.05
9.21
12.38
4.94
3.25
0.32
-5.03
1.13
0.85
8.48
13.24
9.35
9.61
0.88
2.12
5.11
4.23
8.53
1.52
2.42
4.29
3.32
11.51
9.40
10.68
9.45
6.06
14.33
14.79
20.80
22.84
16.11
15.47
5.81
5.56
7.05
2.96
8.49
4.75
4.53
3.73
-0.14
6.86
4.30
5.30
5.17
0.12
5.29
2.52
5.04
7.26
4.63
11.04
7.83
12.42
19.07
16.74
20.61
15.13
15.34
16.91
11.60
14.91
9.84
7.55
3.89
-5.53
-4.64
-10.61
-9.06
-3.82
-2.85
6.32
1.83
-1.33
-4.51
-13.79
-9.01
-8.72
-2.92
3.15
-0.96
2.48
-1.10
0.76
5.03
3.53
9.90
4.84
2.77
2.70
-3.11
3.00
2.12
5.05
9.56
4.88
6.18
-2.10
-4.79
-3.45
-7.89
0.10
0.54
2.08
4.43
-1.82
0.25
-6.06
-8.11
-5.47
-8.22
0.50
0.77
3.27
8.70
3.37
5.18
-0.24
-1.84
0.38
-4.23
3.49
5.49
8.93
13.38
8.26
12.59
7.90
3.85
4.90
-1.00
2.85
-0.14
-0.39
2.26
-6.83
-7.45
-12.79
-13.27
-8.67
-12.78
-7.41
-11.19
-14.28
-9.60
-10.01
-0.86
-0.49
-0.55
0.93
-7.71
-5.54
-9.64
-12.07
-8.77
-13.10
-7.55
-8.83
-8.67
-4.87
-9.26
-1.23
-0.51
-0.87
2.31
-6.46
-6.07
-9.06
-8.71
-2.10
-5.66
-2.73
-7.12
-8.26
-3.28
-9.52
-6.89
-10.57
-14.27
-10.79
-14.40
-8.48
-11.22
-16.05
-12.89
-15.99
-8.34
-6.59
-6.66
-2.92
-9.26
-4.36
-3.30
-2.14
3.43
-1.86
3.55
4.31
4.23
9.39
2.94
5.44
4.11
4.45
12.79
10.17
15.52
14.81
11.80
14.31
7.19
10.38
10.00
11.39
22.66
24.98
32.88
28.12
16.81
13.55
2.87
3.45
1.41
-1.09
3.58
-3.19
0.14
3.14
6.64
16.30
12.66
15.61
13.30
8.92
13.70
11.05
19.49
23.56
23.26
27.75
20.02
22.31
22.27
18.58
20.60
10.77
8.45
2.98
-3.01
0.84
-3.19
2.09
0.79
-4.31
0.83
-3.22
0.73
0.50
-1.45
6.76
3.63
6.91
7.30
5.90
13.80
12.34
19.03
21.07
18.06
20.83
12.27
13.66
12.31
6.42
7.37
-3.53
-4.76
-5.89
-9.35
-4.28
-10.87
-9.53
-9.04
-12.60
-7.50
-10.58
-4.86
-1.44
-0.90
9.55
9.78
15.90
16.41
12.01
18.38
15.99
21.57
23.68
20.09
23.62
14.58
13.28
12.53
10.08
18.95
17.84
21.61
19.68
9.53
6.96
-4.56
-4.87
-3.40
-5.66
0.70
-5.00
-4.65
-5.83
-10.52
-4.37
-8.90
-6.38
-4.47
-7.09
-0.36
-5.14
-2.83
-0.75
-4.39
2.32
0.50
4.10
4.10
-2.76
-0.19
-6.00
-2.54
1.19
-1.42
5.01
0.90
4.45
10.19
11.23
21.56
21.04
25.25
26.91
21.22
24.59
17.25
14.73
11.46
5.41
14.15
14.09
18.23
19.88
10.91
10.43
2.82
3.75
9.25
9.96
16.66
10.18
9.89
12.52
10.23
17.98
14.22
13.15
10.81
3.10
8.62
6.13
8.85
10.60
3.75
6.58
1.00
3.88
10.38
9.06
16.05
12.60
12.92
12.68
3.97
6.48
1.54
1.80
2.71
-2.67
3.94
-0.56
-1.46
0.44
-5.17
-0.91
-5.05
-3.50
0.23
-4.35
1.82
0.14
2.29
8.52
7.48
13.73
11.25
12.57
13.98
6.81
9.64
2.84
0.07
2.46
-0.58
7.43
7.07
8.43
9.80
2.43
5.77
0.70
-0.98
2.19
-0.34
8.68
9.14
10.86
12.63
2.27
0.33
-8.13
-11.13
-8.17
-10.46
-0.32
2.43
7.56
14.74
10.55
13.48
6.83
3.77
7.61
4.69
10.54
7.42
6.85
9.31
1.55
4.34
1.74
1.49
3.77
-3.97
-1.46
-5.19
-8.27
-8.46
-14.88
-9.11
-11.89
-12.62
-6.35
-8.59
-1.37
-1.40
-1.36
2.61
-1.24
4.96
3.04
1.28
4.32
-1.44
2.06
0.39
2.69
9.54
4.75
8.12
5.10
4.70
10.48
5.47
7.84
3.23
-0.94
-0.36
-8.36
-4.45
-5.66
-7.99
-4.94
-7.60
3.09
6.99
6.42
8.13
-0.69
0.38
-1.95
-1.47
6.69
4.02
5.60
-1.35
-7.08
-2.77
-4.22
2.11
1.05
-0.42
2.38
-6.14
-4.67
-6.22
-7.52
-2.88
-9.68
-8.42
-9.89
-10.34
-4.24
-6.08
4.98
11.34
11.63
15.73
11.06
15.61
15.39
12.17
13.37
4.11
1.48
-5.58
-9.55
-2.90
-5.48
-2.64
-7.40
-12.17
-6.73
-10.43
-5.18
-2.64
-3.69
0.23
-3.23
5.05
10.53
13.60
23.75
22.19
25.59
25.05
22.44
26.41
21.56
24.91
22.74
15.78
16.09
9.55
14.79
19.41
19.71
23.27
14.24
11.50
6.89
2.18
6.13
-0.35
-0.23
-3.13
-7.08
-0.57
-3.50
0.02
0.57
-1.46
5.65
3.34
7.47
8.55
5.37
9.39
4.66
8.44
10.03
7.13
12.99
9.62
10.60
8.21
2.64
6.32
3.27
9.28
12.01
6.68
7.20
-0.33
1.73
4.14
2.43
7.44
0.43
-0.92
-1.12
-2.92
4.92
2.59
3.90
1.62
-5.73
-3.24
-8.79
-6.80
-3.84
-5.70
-0.63
-5.90
-4.00
-0.25
-0.15
8.11
5.60
7.78
8.86
6.23
16.17
17.64
21.83
22.40
14.07
14.01
7.60
9.00
10.30
4.75
7.90
2.26
2.55
3.70
-0.80
2.93
-4.16
-5.43
-3.86
-6.78
1.97
3.43
8.14
10.40
4.52
8.04
4.90
8.34
13.81
14.07
21.33
15.76
14.25
15.63
10.84
14.09
8.53
9.31
12.22
6.56
8.40
1.08
-2.29
-3.17
-8.11
-1.21
-3.28
-4.07
-6.06
-16.80
-16.11
-20.30
-19.75
-17.98
-22.77
-15.71
-16.37
-14.49
-10.24
-10.99
0.44
3.82
10.34
18.58
14.54
14.54
5.14
1.78
5.32
2.80
8.59
5.25
5.15
7.32
0.29
3.17
-2.63
-7.47
-9.33
-18.40
-14.49
-13.82
-8.96
-1.59
-4.57
-1.95
-11.16
-18.70
-19.47
-24.59
-17.43
-17.03
-16.86
-14.76
-19.29
-10.97
-7.10
0.28
10.72
9.10
14.61
12.42
11.99
15.49
8.71
10.73
6.16
3.46
6.18
0.67
2.46
-5.28
-13.00
-16.13
-25.09
-19.80
-18.76
-16.79
-10.87
-15.39
-11.06
-11.78
-9.17
-0.97
-3.67
1.16
-1.91
-3.00
5.32
6.29
15.94
17.87
17.84
20.50
13.03
16.07
13.48
10.52
12.83
7.63
13.31
10.42
4.08
2.71
-6.81
-3.92
-3.43
-0.99
5.45
-3.04
-4.89
-11.39
-15.07
-9.76
-13.72
-8.76
-9.09
-9.84
-4.92
-9.89
-5.85
-8.29
-11.15
-6.20
-10.88
-6.28
-6.20
-5.60
4.22
7.58
20.31
23.42
21.08
23.76
17.34
21.69
20.84
17.35
19.58
10.52
10.30
6.86
3.96
8.44
1.09
2.30
1.48
1.24
6.55
0.28
5.40
7.64
8.12
16.21
13.04
16.15
13.42
8.84
11.81
6.34
11.58
11.66
9.08
15.40
11.77
16.45
15.09
9.29
11.55
4.20
5.89
2.81
-2.59
1.82
-4.67
-3.57
-5.57
-10.31
-7.75
-14.88
-11.51
-10.56
-12.46
-5.36
-7.81
-1.43
1.11
-1.14
3.81
-4.10
-5.17
-6.40
-7.56
-0.54
-6.42
-4.62
-4.84
-9.01
-4.27
-8.98
-5.62
-6.51
-13.73
-10.93
-14.54
-9.38
-8.07
-11.06
-5.65
-12.60
-13.32
-15.73
-20.30
-15.58
-21.88
-19.76
-19.55
-23.97
-19.17
-22.93
-16.42
-11.97
-13.12
-5.86
-10.94
-9.22
-8.32
-11.31
-4.38
-8.24
-5.06
-4.22
-9.60
-5.62
-11.32
-9.29
-8.78
-12.82
-6.01
-9.51
-6.77
-5.22
-8.13
-0.76
-4.11
-2.50
-3.57
-10.57
-8.91
-17.39
-16.85
-15.02
-17.30
-10.60
-15.77
-12.68
-9.14
-12.70
-5.22
-4.73
3.08
9.35
8.84
16.35
12.17
13.93
14.82
10.24
16.21
10.75
9.97
8.88
1.99
6.56
3.08
5.65
7.22
1.70
4.69
-4.09
-6.15
-4.93
-8.14
-0.48
-3.56
-3.26
-4.64
-12.43
-7.12
-9.95
-8.45
-7.50
-13.72
-10.34
-14.97
-10.20
-3.50
-5.67
0.27
-3.77
-0.60
5.40
3.51
10.00
5.88
6.18
8.89
6.21
13.95
12.02
14.45
17.39
13.14
18.97
14.73
14.21
13.76
6.88
12.20
8.90
11.63
16.60
12.76
18.15
13.00
10.18
8.89
1.57
6.45
4.10
4.95
5.18
-1.99
2.52
-2.52
-3.94
-1.63
-6.62
-2.74
-7.71
-6.82
-3.16
-8.84
-4.46
-7.29
-5.79
-2.11
-5.84
0.18
-3.43
-1.52
4.91
0.50
3.58
-0.98
-0.80
2.73
-1.59
4.34
-0.53
-4.32
-2.88
-7.19
0.86
1.87
3.20
4.27
-6.23
-7.27
-13.84
-15.96
-12.29
-13.25
-3.18
-3.64
-4.65
-3.77
-11.39
-7.40
-10.02
-10.52
-6.84
-12.14
-7.91
-9.96
-8.89
-3.75
-7.48
-1.18
-2.69
-1.09
6.16
1.93
3.89
-2.36
-6.85
-7.84
-16.77
-13.21
-14.71
-12.94
-6.10
-9.62
-5.72
-10.84
-14.32
-11.66
-17.27
-9.16
-5.30
-3.36
1.69
-2.86
0.18
-4.51
-7.68
-3.71
-5.83
2.93
3.38
3.44
10.08
7.15
12.61
11.30
8.98
12.11
7.58
13.34
13.46
12.21
12.73
1.78
1.70
0.05
2.10
7.46
-2.44
-4.11
-9.05
-11.54
-4.96
-7.03
-2.73
-7.48
-12.20
-6.13
-6.88
0.40
-0.09
-3.81
-1.58
-6.79
-0.47
1.81
0.52
3.49
-0.17
8.29
10.67
8.78
12.29
5.83
5.82
0.55
-2.81
2.20
-3.24
1.07
3.85
6.95
15.50
8.84
6.97
2.97
-0.42
3.49
-1.36
3.52
3.41
-0.72
1.83
-4.17
0.60
3.09
2.43
8.24
3.11
1.71
-7.18
-16.56
-13.92
-17.88
-9.80
-2.50
-1.39
2.58
-3.63
-1.77
-4.56
-10.94
-7.46
-11.27
-8.78
-10.54
-13.83
-6.54
-7.78
-2.32
0.74
-0.23
3.84
-2.30
0.12
1.86
1.59
7.68
0.82
-0.97
-4.01
-7.39
-0.29
-2.18
2.79
4.09
-0.38
3.19
-1.39
2.93
6.31
5.02
10.22
4.15
5.11
4.57
-1.23
1.88
-2.49
0.92
3.14
1.07
6.83
1.66
2.68
3.45
0.45
7.52
7.49
14.45
17.29
11.99
14.50
7.37
6.53
6.25
3.82
12.18
9.92
10.55
8.26
1.28
5.31
-0.57
-2.23
-3.23
-8.52
-5.24
-10.40
-6.53
-0.35
-1.98
1.72
-4.45
-3.42
-1.34
-6.18
-2.47
-6.83
-5.77
-4.72
-7.66
0.98
0.96
4.95
7.13
2.00
7.41
4.89
8.47
13.67
10.78
14.51
8.16
6.83
8.18
5.99
15.25
15.23
16.77
17.43
12.02
16.27
11.15
10.21
9.76
1.79
4.92
1.43
2.79
5.90
1.12
4.31
-0.47
1.13
6.24
4.43
10.58
5.36
